"1308766858.5544":(430,277,158,158) (367,167,47,47) (328,158,48,48) (374,233,115,115)
"1308766858.8215":(426,282,159,159) (367,163,46,46) (322,157,48,48) (389,239,112,112)
"1308766859.6217":(433,282,162,162) (368,168,47,47) (320,157,48,48) (389,233,111,111)
"1308766859.8854":(441,287,159,159) (367,168,47,47) (317,157,48,48) (391,240,112,112)
"1308766860.6884":(440,281,159,159) (364,164,47,47) (319,163,48,48) (389,237,112,112)
"1308766860.9534":(440,279,159,159) (367,166,47,47) (319,158,48,48) (386,235,111,111)
"1308766861.7534":(432,277,164,164) (364,168,47,47) (316,159,48,48) (384,236,116,116)
"1308766862.0213":(433,274,159,159) (364,173,48,48) (318,156,48,48) (393,238,111,111)
"1308766862.2854":(427,274,163,163) (374,164,46,46) (318,156,48,48) (378,234,116,116)
"1308766862.5541":(429,273,158,158) (366,166,47,47) (321,152,48,48) (384,229,115,115)
"1308766862.8236":(413,270,167,167) (367,168,48,48) (320,154,48,48) (382,237,114,114)
"1308766863.6214":(421,270,160,160) (364,167,47,47) (320,162,48,48) (368,242,116,116)
"1308766864.1534":(432,276,163,163) (368,165,47,47) (323,156,48,48) (382,237,116,116)
"1308766864.6893":(457,289,157,157) (360,168,46,46) (316,155,47,47) (379,237,112,112)
"1308766865.4946":(450,275,115,115) (361,164,46,46) (317,155,48,48) (375,236,113,113)
"1308766865.7536":(413,271,163,163) (362,168,48,48) (330,154,48,48) (379,239,114,114)
"1308766866.0214":(408,275,161,161) (370,167,46,46) (319,155,48,48) (379,240,114,114)
"1308766866.2893":(383,270,159,159) (363,172,47,47) (318,152,48,48) (383,237,111,111)
"1308766866.8214":(396,275,164,164) (363,169,47,47) (323,154,47,47) (383,232,109,109)
"1308766867.0925":(404,268,160,160) (364,166,48,48) (321,160,48,48) (379,238,112,112)
"1308766867.3576":(406,277,165,165) (371,169,47,47) (320,154,48,48) (384,240,116,116)
"1308766867.6215":(422,276,156,156) (369,166,47,47) (320,159,47,47) (386,233,115,115)
"1308766867.8894":(425,278,151,151) (362,167,46,46) (323,158,48,48) (381,237,111,111)
"1308766868.1533":(426,271,167,167) (366,167,48,48) (316,152,48,48) (380,232,104,104)
"1308766868.4216":(405,275,164,164) (369,171,48,48) (323,155,48,48) (389,237,114,114)
"1308766868.6976":(421,274,166,166) (366,166,47,47) (323,157,48,48) (384,239,117,117)
"1308766868.9538":(424,270,161,161) (369,161,47,47) (317,157,48,48) (381,240,111,111)
"1308766869.2218":(420,274,168,168) (345,164,74,74) (326,163,48,48) (397,238,112,112)
"1308766869.4952":(433,281,169,169) (362,167,48,48) (325,159,48,48) (387,238,107,107)
"1308766870.8215":(472,288,117,117) (368,167,47,47) (319,157,48,48) (377,239,111,111)
"1308766871.0897":(435,283,165,165) (363,165,51,51) (320,153,48,48) (384,236,112,112)
"1308766871.3554":(425,279,168,168) (364,168,47,47) (319,156,48,48) (376,236,111,111)
"1308766871.6274":(431,291,161,161) (365,163,47,47) (320,156,48,48) (387,235,115,115)
"1308766871.8894":(430,282,164,164) (364,169,47,47) (316,153,48,48) (373,236,117,117)
"1308766873.2573":(426,284,164,164) (361,164,47,47) (319,159,48,48) (378,236,117,117)
"1308766873.5213":(425,277,164,164) (364,164,47,47) (324,157,48,48) (373,232,116,116)
"1308766873.7893":(412,281,165,165) (372,166,47,47) (326,161,48,48) (385,238,115,115)
"1308766874.0572":(418,279,167,167) (370,167,47,47) (324,157,48,48) (375,233,118,118)
"1308766875.3893":(422,275,161,161) (370,167,47,47) (320,158,48,48) (388,236,111,111)
"1308766875.6612":(428,285,159,159) (360,168,47,47) (316,158,48,48) (372,240,118,118)
"1308766875.9213":(425,273,165,165) (368,166,47,47) (317,156,48,48) (379,234,114,114)
"1308766876.1892":(426,281,159,159) (367,167,48,48) (322,154,48,48) (382,237,112,112)
"1308766876.4572":(421,282,163,163) (364,164,48,48) (321,158,48,48) (380,242,116,116)
"1308766876.7213":(436,282,159,159) (363,168,47,47) (320,154,48,48) (382,237,112,112)
"1308766876.9893":(421,277,161,161) (371,168,48,48) (324,156,48,48) (381,238,112,112)
"1308766877.2700":(417,281,161,161) (367,166,49,49) (319,157,48,48) (386,243,112,112)
"1308766877.5213":(423,281,158,158) (367,166,47,47) (322,155,48,48) (390,239,116,116)
"1308766877.7893":(423,279,166,166) (369,168,47,47) (326,156,48,48) (377,233,117,117)
"1308766878.0573":(443,276,160,160) (360,164,47,47) (314,156,48,48) (394,233,111,111)
"1308766878.8573":(412,287,157,157) (357,167,47,47) (318,155,48,48) (376,229,114,114)
"1308766879.1213":(420,277,158,158) (361,163,48,48) (321,153,48,48) (375,238,111,111)
"1308766879.3893":(423,282,162,162) (360,165,46,46) (323,158,47,47) (386,243,114,114)
"1308766880.1894":(424,282,168,168) (366,167,47,47) (319,161,48,48) (378,236,116,116)
"1308766880.4573":(423,275,167,167) (363,167,48,48) (318,153,48,48) (377,241,112,112)
"1308766880.9896":(401,282,163,163) (353,163,52,52) (313,159,49,49) (399,238,112,112)
"1308766881.2573":(410,280,163,163) (368,163,47,47) (324,158,49,49) (386,241,105,105)
"1308766881.5253":(422,276,155,155) (360,163,47,47) (317,158,48,48) (384,241,112,112)
"1308766881.7893":(419,273,168,168) (367,169,47,47) (317,153,48,48) (375,241,118,118)
"1308766882.0573":(419,283,168,168) (360,167,47,47) (319,160,48,48) (386,239,111,111)
"1308766882.3253":(424,289,168,168) (368,166,47,47) (326,156,48,48) (375,232,114,114)
"1308766882.5894":(429,284,168,168) (363,171,46,46) (306,158,74,74) (381,242,118,118)
"1308766934.0653":(439,289,157,157) (368,170,48,48) (320,157,48,48) (386,243,111,111)
"1308766934.3334":(426,282,161,161) (369,166,46,46) (322,159,48,48) (386,242,111,111)
"1308766934.5976":(429,284,160,160) (368,166,48,48) (324,153,48,48) (393,241,111,111)
"1308766935.3975":(430,288,156,156) (368,170,48,48) (318,156,48,48) (387,237,111,111)
"1308766935.6660":(424,277,167,167) (368,160,47,47) (320,161,48,48) (382,237,111,111)
"1308766936.7334":(444,283,160,160) (364,168,47,47) (321,156,48,48) (390,236,111,111)
"1308766937.5365":(435,282,168,168) (375,168,47,47) (323,156,48,48) (388,232,103,103)
"1308766937.7974":(440,287,165,165) (362,166,47,47) (325,162,48,48) (383,234,112,112)
"1308766938.0692":(443,293,171,171) (368,166,48,48) (327,157,48,48) (397,239,104,104)
"1308766939.4033":(437,286,164,164) (353,170,48,48) (317,153,48,48) (383,241,109,109)
"1308766939.6654":(444,284,170,170) (357,171,47,47) (320,152,48,48) (392,238,105,105)
"1308766939.9334":(426,282,168,168) (356,170,48,48) (324,159,48,48) (390,239,109,109)
"1308766940.1975":(423,284,171,171) (363,171,48,48) (324,156,48,48) (377,237,112,112)
"1308766941.2654":(425,288,170,170) (362,167,47,47) (318,157,48,48) (396,239,111,111)
"1308766941.5421":(431,289,163,163) (363,168,47,47) (329,159,48,48) (390,248,107,107)
"1308766942.5973":(455,287,163,163) (372,168,47,47) (326,158,48,48) (389,240,109,109)
"1308766942.8653":(486,292,116,116) (370,164,48,48) (326,157,48,48) (397,243,113,113)
"1308766943.6719":(473,294,157,157) (369,170,47,47) (324,155,48,48) (397,241,107,107)
"1308766943.9334":(367,164,47,47) (329,155,48,48) (400,241,115,115)
"1308766944.2135":(449,277,163,163) (361,167,48,48) (323,157,48,48) (410,240,74,74)
"1308766944.4660":(435,292,164,164) (368,166,45,45) (326,154,48,48) (390,236,115,115)
"1308766946.8654":(442,276,158,158) (359,169,47,47) (330,160,48,48) (384,237,115,115)
"1308766948.2064":(419,285,169,169) (363,167,47,47) (329,154,48,48) (374,239,115,115)
"1308766951.4013":(435,291,159,159) (360,170,48,48) (325,156,48,48) (385,238,111,111)
"1308766952.2014":(422,290,166,166) (367,167,48,48) (323,157,48,48) (391,231,116,116)
"1308766953.0013":(432,286,160,160) (369,170,47,47) (329,157,48,48) (382,238,111,111)
"1308766953.8013":(438,288,166,166) (366,171,46,46) (330,154,48,48) (383,235,115,115)
"1308766955.6693":(438,280,156,156) (361,168,48,48) (324,158,48,48) (398,242,118,118)
"1308766955.9334":(441,285,157,157) (357,175,48,48) (330,161,48,48) (418,247,107,107)
"1308766957.0014":(438,293,167,167) (364,168,47,47) (322,157,48,48) (440,254,118,118)
"1308766957.2693":(439,287,168,168) (368,171,48,48) (329,158,48,48) (423,252,118,118)
"1308766957.8030":(427,291,167,167) (358,170,46,46) (324,155,48,48) (402,244,117,117)
"1308766958.6014":(435,287,161,161) (356,169,47,47) (328,159,48,48) (405,242,118,118)
"1308766959.4014":(437,284,159,159) (368,169,47,47) (324,158,48,48) (416,248,118,118)
"1308766959.6694":(439,287,163,163) (370,169,47,47) (322,157,48,48) (428,245,118,118)
"1308766959.9334":(444,284,159,159) (368,169,45,45) (332,161,48,48) (413,247,118,118)
"1308766961.2693":(437,286,166,166) (364,166,46,46) (319,158,48,48) (414,244,107,107)
"1308766961.5373":(429,283,163,163) (366,164,47,47) (317,158,48,48) (414,240,118,118)
"1308766962.3373":(452,283,160,160) (364,168,47,47) (314,158,47,47) (433,250,122,122)
"1308766962.6034":(425,283,165,165) (368,166,47,47) (314,159,48,48) (426,241,118,118)
"1308766964.7375":(413,271,163,163) (361,164,47,47) (317,158,48,48) (398,233,120,120)
"1308766965.0074":(424,283,164,164) (370,170,45,45) (310,156,48,48) (413,246,119,119)
"1308766965.2694":(410,291,170,170) (365,169,47,47) (318,155,48,48) (-78,229,233,233) (423,244,122,122)
"1308766965.5375":(436,288,171,171) (366,163,43,43) (317,155,48,48) (34,232,228,228) (421,248,112,112)
"1308766965.8067":(458,295,168,168) (366,162,48,48) (316,155,48,48) (132,220,216,216) (422,244,118,118)
"1308766966.0694":(482,297,164,164) (367,167,45,45) (322,158,48,48) (199,223,214,214) (410,248,120,120)
"1308766966.3373":(530,282,161,161) (366,168,47,47) (324,151,48,48) (274,227,233,233) (418,255,118,118)
"1308766966.6061":(549,270,167,167) (371,165,45,45) (318,158,48,48) (291,240,243,243) (419,245,110,110)
"1308766967.4034":(516,223,160,160) (365,166,47,47) (322,157,48,48) (316,231,230,230)
"1308766967.6694":(500,217,172,172) (372,166,48,48) (314,159,48,48) (324,234,212,212)
"1308766967.9374":(497,200,161,161) (369,165,48,48) (320,155,48,48) (324,239,236,236)
"1308766968.2056":(471,183,169,169) (370,167,47,47) (323,157,48,48) (323,250,264,264)
"1308766968.4742":(435,180,176,176) (366,163,46,46) (320,154,48,48) (323,252,291,291)
"1308766968.7382":(425,179,179,179) (362,167,47,47) (316,156,48,48) (310,247,302,302)
