"1308692277.3625":(439,193,176,176) (189,156,84,84)
"1308692277.6266":(443,191,186,186) (181,153,83,83)
"1308692277.8946":(445,189,179,179) (173,154,85,85)
"1308692278.1626":(441,189,185,185) (172,156,84,84)
"1308692278.4267":(433,196,180,180) (169,153,83,83)
"1308692278.6946":(427,192,182,182) (158,161,81,81)
"1308692278.9626":(432,185,179,179) (158,150,84,84)
"1308692279.2266":(431,188,179,179) (164,148,86,86)
"1308692279.4946":(435,192,175,175) (169,148,84,84)
"1308692279.7626":(420,187,166,166) (165,141,84,84)
"1308692280.0266":(414,185,164,164) (172,142,84,84)
"1308692280.2983":(391,184,151,151) (173,146,84,84)
"1308692280.5626":(367,189,160,160) (163,148,84,84)
"1308692280.8306":(322,184,180,180) (162,146,85,85)
"1308692281.0983":(303,187,179,179) (151,150,83,83)
"1308692281.3626":(308,185,167,167) (143,153,84,84)
"1308692281.6306":(296,179,155,155) (154,146,82,82)
"1308692281.8977":(292,172,147,147) (156,144,82,82)
"1308692282.1672":(291,172,137,137) (148,152,83,83)
"1308692282.4306":(261,166,128,128) (132,150,86,86)
"1308692282.6987":(238,162,124,124) (124,148,88,88)
"1308692282.9626":(244,166,117,117) (120,153,89,89)
"1308692283.5018":(248,150,100,100) (125,154,95,95)
"1308692283.7692":(228,150,94,94) (124,153,99,99)
"1308692284.0306":(223,149,92,92) (111,158,100,100)
"1308692284.2947":(244,151,87,87) (93,158,105,105) (-158,219,343,343)
"1308692284.5636":(253,144,81,81) (77,163,108,108) (-136,201,296,296)
"1308692284.8342":(253,142,76,76) (79,162,108,108) (-77,198,269,269)
"1308692285.0948":(239,142,73,73) (95,166,107,107) (1,199,240,240)
"1308692285.3627":(234,137,73,73) (89,169,119,119) (101,192,215,215)
"1308692285.6347":(244,144,70,70) (82,168,120,120) (139,179,195,195)
"1308692285.8946":(251,136,66,66) (70,169,120,120) (182,163,175,175)
"1308692286.1657":(31,173,128,128) (224,160,155,155)
"1308692286.4350":(259,130,62,62) (24,178,130,130) (262,167,143,143)
"1308692286.6993":(234,130,130,130) (24,174,130,130) (293,155,135,135)
"1308692286.9682":(287,130,59,59) (39,179,139,139) (304,152,125,125)
"1308692287.2307":(284,132,60,60) (60,181,144,144) (286,146,115,115)
"1308692287.4989":(278,133,61,61) (70,179,145,145) (278,138,110,110)
"1308692287.7627":(272,136,61,61) (66,181,146,146) (301,141,100,100)
"1308692288.0351":(274,136,60,60) (58,179,150,150) (294,140,102,102)
"1308692288.2988":(268,133,46,46) (51,177,152,152) (299,137,96,96)
"1308692288.5662":(251,136,57,57) (62,183,141,141) (302,140,96,96)
"1308692288.8353":(234,138,64,64) (51,176,149,149) (316,140,97,97)
"1308692289.1022":(228,136,65,65) (50,183,146,146) (309,141,97,97)
"1308692289.3627":(233,132,64,64) (54,185,150,150) (323,143,99,99)
"1308692289.6367":(240,134,65,65) (49,185,150,150) (334,145,99,99)
"1308692289.8992":(232,136,66,66) (62,180,149,149) (338,141,100,100)
"1308692290.1690":(222,135,68,68) (52,176,148,148) (340,143,99,99)
"1308692290.4351":(216,134,68,68) (57,185,145,145) (335,142,99,99)
"1308692290.7027":(216,143,69,69) (57,183,146,146) (340,146,96,96)
"1308692290.9627":(214,141,71,71) (47,180,146,146) (334,143,100,100)
"1308692291.2364":(222,143,73,73) (43,179,147,147) (338,142,98,98)
"1308692291.5037":(205,140,74,74) (25,179,149,149) (328,143,97,97)
"1308692291.7627":(185,143,74,74) (42,184,148,148) (334,140,98,98)
"1308692292.0369":(174,150,77,77) (36,181,150,150) (334,140,97,97)
"1308692292.2987":(171,145,79,79) (40,184,148,148) (340,143,94,94)
"1308692292.5680":(183,143,81,81) (34,186,151,151) (330,142,98,98)
"1308692292.8307":(192,142,82,82) (33,178,149,149) (331,139,98,98)
"1308692293.1023":(187,148,81,81) (32,175,150,150) (329,140,99,99)
"1308692293.3693":(164,153,84,84) (43,177,149,149) (327,141,99,99)
"1308692293.6308":(135,153,86,86) (44,187,146,146) (333,146,95,95)
"1308692293.9045":(136,152,87,87) (38,184,147,147) (336,145,93,93)
"1308692294.1681":(136,149,92,92) (24,188,152,152) (335,144,97,97)
"1308692294.4400":(149,155,96,96) (22,185,150,150) (335,140,97,97)
"1308692294.9685":(108,162,98,98) (33,187,144,144) (334,144,98,98)
"1308692295.2316":(53,185,145,145) (337,147,100,100)
"1308692295.5094":(54,151,104,104) (82,181,133,133) (335,144,99,99)
"1308692295.7627":(40,157,107,107) (93,171,124,124)
"1308692296.0365":(31,163,111,111) (75,175,128,128) (336,146,97,97)
"1308692296.2988":(-12,168,110,110) (71,174,127,127) (346,143,96,96)
"1308692296.5626":(-40,172,117,117) (83,177,122,122) (340,141,95,95)
"1308692296.8352":(-54,174,121,121) (87,169,117,117) (337,144,93,93)
"1308692297.0986":(-60,182,128,128) (98,166,111,111) (335,143,101,101)
"1308692297.3652":(-59,173,129,129) (129,164,107,107) (336,143,95,95)
"1308692297.6393":(-67,182,139,139) (148,159,101,101) (331,147,98,98)
"1308692297.9051":(153,158,98,98) (336,146,99,99)
"1308692298.1734":(150,159,90,90) (341,143,98,98)
"1308692298.4350":(-68,193,136,136) (139,155,90,90) (335,145,99,99)
"1308692298.7031":(-37,182,158,158) (142,149,88,88) (334,144,98,98)
"1308692298.9677":(-16,184,160,160) (154,147,86,86) (323,144,97,97)
"1308692299.2346":(12,189,174,174) (175,147,84,84) (330,143,98,98)
"1308692299.5059":(22,198,188,188) (182,151,82,82) (327,137,98,98)
"1308692299.7665":(62,193,198,198) (180,148,83,83) (335,143,98,98)
"1308692300.0306":(113,193,191,191) (166,153,83,83) (337,145,99,99)
"1308692300.2986":(158,191,185,185) (158,146,83,83) (335,143,97,97)
"1308692300.5666":(181,194,197,197) (152,149,81,81) (325,146,98,98)
"1308692300.8306":(214,200,203,203) (157,149,80,80) (315,146,98,98)
"1308692301.0985":(247,197,203,203) (153,149,80,80)
"1308692301.3667":(274,198,194,194) (157,141,81,81) (268,149,97,97)
"1308692301.6306":(294,187,190,190) (173,152,82,82) (248,148,100,100)
"1308692301.8986":(339,186,188,188) (176,149,83,83) (216,148,105,105)
"1308692302.1760":(368,183,171,171) (172,153,84,84) (192,148,109,109)
"1308692302.4308":(376,183,169,169) (158,145,112,112)
"1308692302.6986":(338,182,165,165) (131,154,113,113)
"1308692302.9666":(316,179,161,161) (180,157,86,86) (100,145,114,114)
"1308692303.2307":(302,180,159,159) (195,148,84,84) (70,146,116,116)
"1308692303.4986":(293,175,150,150) (204,150,85,85) (48,147,116,116)
"1308692303.7667":(314,171,142,142) (200,149,85,85) (13,142,118,118)
"1308692304.0307":(321,172,136,136) (199,154,85,85) (1,153,121,121)
"1308692304.2986":(314,172,135,135) (173,150,90,90) (-7,150,117,117)
"1308692304.5666":(281,162,124,124) (159,154,90,90) (-35,146,117,117)
"1308692304.8309":(275,166,118,118) (157,160,89,89) (-45,149,114,114)
"1308692305.0988":(270,165,118,118) (163,156,91,91) (-50,140,119,119)
"1308692305.3666":(283,156,108,108) (179,151,97,97) (-41,146,111,111)
"1308692305.6306":(277,164,104,104) (189,154,98,98) (-17,149,111,111)
"1308692305.8987":(260,161,101,101) (187,157,99,99) (-11,144,113,113)
"1308692306.1666":(265,158,100,100) (181,158,101,101) (-10,142,111,111)
"1308692306.4309":(254,155,97,97) (175,167,104,104) (-17,142,110,110)
"1308692306.6986":(249,154,94,94) (158,170,107,107) (-11,144,113,113)
"1308692306.9666":(254,150,90,90) (147,171,108,108) (-4,143,107,107)
"1308692307.2307":(236,149,86,86) (150,174,115,115) (-1,150,108,108)
"1308692307.4987":(219,144,86,86) (172,167,115,115) (-23,139,110,110)
"1308692307.7666":(216,146,82,82) (203,171,117,117) (-6,147,108,108)
"1308692308.0346":(216,150,82,82) (222,166,122,122) (3,147,107,107)
"1308692308.2987":(221,145,78,78) (220,178,121,121) (-4,145,110,110)
"1308692308.5666":(225,146,72,72) (226,175,124,124) (-5,140,109,109)
"1308692308.8346":(221,145,137,137) (217,177,126,126) (-7,144,109,109)
"1308692309.0987":(254,143,72,72) (207,178,130,130) (-10,147,107,107)
"1308692309.3666":(245,139,69,69) (247,178,131,131) (-18,145,109,109)
"1308692309.6346":(235,137,67,67) (279,176,132,132) (-14,147,113,113)
"1308692310.1666":(225,141,66,66) (289,177,136,136) (-13,141,109,109)
"1308692310.4346":(276,174,136,136) (-4,147,110,110)
"1308692310.6988":(-82,2596,804,804) (209,138,62,62) (264,174,133,133) (-9,148,108,108)
"1308692310.9666":(206,139,63,63) (258,172,131,131) (-1,140,99,99)
"1308692320.5667":(309,181,147,147) (156,144,73,73) (39,150,105,105)
"1308692320.8348":(316,196,158,158) (151,140,74,74) (60,154,118,118)
"1308692321.1026":(346,191,169,169) (149,142,74,74) (84,142,114,114)
"1308692321.3668":(355,197,185,185) (159,140,73,73) (105,139,111,111)
"1308692321.6397":(347,203,201,201) (134,148,107,107)
"1308692321.9027":(343,220,216,216) (161,146,111,111)
"1308692322.1723":(356,239,239,239) (145,138,75,75) (195,149,104,104)
"1308692322.4403":(384,251,267,267) (143,144,74,74) (207,144,107,107)
"1308692322.7026":(379,256,296,296) (140,138,74,74) (241,149,100,100)
"1308692322.9666":(414,243,267,267) (149,142,71,71) (267,144,98,98)
"1308692323.2347":(407,226,255,255) (148,140,75,75) (284,147,95,95)
"1308692323.5028":(426,229,249,249) (144,141,75,75) (283,144,95,95)
"1308692323.7666":(438,227,222,222) (150,143,75,75) (260,145,94,94)
"1308692324.0357":(437,210,222,222) (151,139,75,75) (265,144,91,91)
"1308692324.3072":(401,203,222,222) (152,143,75,75) (266,143,92,92)
"1308692324.5667":(380,203,214,214) (151,136,72,72) (272,145,91,91)
"1308692324.8346":(370,195,207,207) (150,139,71,71) (259,143,92,92)
"1308692325.1026":(368,198,197,197) (149,141,73,73) (256,140,95,95)
"1308692325.3708":(401,188,184,184) (150,141,74,74) (264,140,90,90)
"1308692325.6445":(384,187,178,178) (147,141,74,74) (263,143,96,96)
"1308692325.9027":(384,181,170,170) (151,137,75,75) (263,138,91,91)
"1308692326.1706":(352,184,173,173) (149,135,75,75) (261,138,92,92)
"1308692326.4452":(323,183,176,176) (153,135,74,74) (267,141,96,96)
"1308692326.7051":(320,182,174,174) (154,139,73,73) (268,148,96,96)
"1308692326.9750":(308,184,174,174) (152,138,72,72) (262,144,95,95)
"1308692327.2392":(325,191,151,151) (154,136,74,74) (254,143,90,90)
"1308692327.5027":(301,179,168,168) (154,145,72,72) (263,143,95,95)
"1308692327.7708":(314,175,149,149) (153,138,72,72) (264,142,93,93)
"1308692328.0400":(312,179,162,162) (158,142,73,73) (265,140,94,94)
"1308692328.3033":(335,177,148,148) (153,144,72,72) (262,142,90,90)
"1308692328.5720":(312,178,158,158) (149,147,74,74) (262,145,88,88)
"1308692329.3709":(316,176,161,161) (152,141,75,75) (268,143,89,89)
"1308692329.6347":(308,175,160,160) (151,144,75,75) (271,142,91,91)
"1308692329.9026":(316,177,156,156) (149,140,74,74) (268,142,90,90)
"1308692330.1706":(300,176,149,149) (134,141,76,76) (260,141,91,91)
"1308692330.4494":(282,179,144,144) (120,148,77,77) (270,141,91,91)
"1308692330.7140":(239,179,152,152) (118,145,78,78) (270,147,93,93)
"1308692330.9756":(198,174,153,153) (130,148,77,77) (267,140,93,93)
"1308692331.2403":(180,176,148,148) (144,147,59,59)
