"1308766972.4055":(322,156,48,48) (419,164,149,149)
"1308766972.6694":(318,155,48,48) (432,169,148,148) (368,164,45,45)
"1308766972.9374":(320,156,48,48) (442,168,151,151) (369,166,45,45)
"1308766973.2054":(317,152,48,48) (458,167,155,155) (366,162,46,46)
"1308766973.4694":(323,155,48,48) (470,172,154,154) (365,164,47,47)
"1308766973.7377":(317,154,48,48) (477,173,156,156) (358,165,47,47)
"1308766974.0055":(321,154,48,48) (463,165,159,159) (371,161,47,47)
"1308766974.2695":(326,159,48,48) (448,169,159,159) (370,162,47,47)
"1308766974.5432":(321,159,48,48) (444,163,159,159) (374,163,47,47)
"1308766974.8093":(491,228,137,137)
"1308766975.0698":(501,198,130,130) (427,162,164,164)
"1308766975.3374":(502,184,137,137) (435,163,157,157)
"1308766975.6055":(499,182,147,147) (327,156,48,48) (421,161,166,166)
"1308766975.8751":(503,181,159,159) (324,152,48,48) (412,162,160,160) (371,162,47,47)
"1308766976.1425":(515,196,178,178) (316,158,48,48) (402,159,158,158) (370,164,48,48)
"1308766976.4054":(523,195,192,192) (324,152,48,48) (392,155,153,153) (371,162,47,47)
"1308766976.6753":(502,199,201,201) (319,151,48,48) (387,152,151,151) (371,165,47,47)
"1308766976.9435":(438,219,215,215) (322,156,48,48) (376,151,151,151) (369,164,47,47)
"1308766977.2125":(369,214,229,229) (323,158,48,48) (339,158,154,154)
"1308766977.4752":(315,233,247,247) (320,154,48,48) (315,162,153,153)
"1308766977.7373":(268,252,334,334) (266,158,165,165) (372,165,47,47)
"1308766978.0055":(269,279,319,319) (236,166,161,161) (376,163,47,47)
"1308766978.2733":(218,275,387,387) (317,155,50,50) (219,173,169,169) (370,165,48,48)
"1308766978.5373":(215,268,390,390) (326,153,48,48) (187,169,185,185) (373,165,47,47)
"1308766978.8094":(273,262,338,338) (320,157,48,48) (182,170,196,196) (374,165,46,46)
"1308766979.0734":(243,278,369,369) (151,180,201,201)
"1308766979.3413":(257,255,323,323) (330,155,48,48) (129,182,202,202) (372,165,47,47)
"1308766979.6123":(281,256,364,364) (332,156,48,48) (108,172,207,207) (368,160,48,48)
"1308766979.8772":(280,259,315,315) (327,155,48,48) (104,175,210,210) (372,165,46,46)
"1308766980.1373":(262,260,357,357) (326,155,48,48) (91,175,225,225) (372,165,47,47)
"1308766980.4127":(292,272,354,354) (327,150,48,48) (108,175,223,223) (370,165,47,47)
"1308766980.6734":(294,261,343,343) (327,152,48,48) (147,174,221,221) (369,161,48,48)
"1308766980.9375":(261,253,367,367) (327,154,48,48) (189,181,223,223) (377,166,47,47)
"1308766981.2053":(261,263,364,364) (327,148,48,48) (236,184,205,205) (368,161,48,48)
"1308766981.4733":(313,264,329,329) (326,157,49,49) (240,186,201,201) (369,164,48,48)
"1308766981.7373":(324,267,319,319) (323,150,48,48) (208,178,204,204) (369,167,47,47)
"1308766982.0073":(293,262,333,333) (243,177,201,201) (374,165,49,49)
"1308766982.2734":(281,259,364,364) (248,177,183,183) (363,164,47,47)
"1308766982.5374":(265,255,342,342) (243,169,190,190) (368,165,47,47)
"1308766982.8053":(292,274,322,322) (258,176,200,200)
"1308766983.0775":(292,264,318,318) (325,157,48,48) (292,177,195,195)
"1308766983.3373":(257,259,349,349) (324,154,48,48) (307,186,215,215)
"1308766983.6053":(249,260,348,348) (330,156,48,48) (302,188,225,225)
"1308766983.8734":(276,262,307,307) (330,156,48,48)
"1308766984.1374":(191,272,305,305) (327,154,48,48) (314,190,215,215) (370,163,48,48)
"1308766984.4054":(124,235,264,264) (329,150,48,48) (300,186,211,211)
"1308766984.6734":(102,230,255,255) (328,155,48,48) (283,180,200,200)
"1308766984.9374":(49,244,254,254) (235,172,187,187) (366,161,47,47)
"1308766985.2053":(-9,229,238,238) (214,174,193,193) (374,160,48,48)
"1308766985.4733":(-52,226,230,230) (325,155,48,48) (177,166,186,186) (372,165,47,47)
"1308766985.7374":(324,157,48,48) (150,173,191,191) (377,164,47,47)
"1308766986.0053":(-85,224,212,212) (329,151,48,48) (121,171,180,180) (371,157,46,46)
"1308766987.3374":(323,153,48,48) (142,159,152,152) (375,160,47,47)
"1308766987.6054":(-68,180,156,156) (150,146,148,148)
"1308766987.8733":(-36,182,169,169) (118,154,148,148)
"1308766988.1413":(-11,191,166,166) (333,154,48,48) (114,151,148,148) (369,160,47,47)
"1308766988.4084":(41,184,168,168) (330,155,48,48) (122,164,146,146) (371,160,47,47)
"1308766988.6734":(67,185,169,169) (333,148,48,48) (143,161,148,148) (372,156,48,48)
"1308766988.9413":(73,179,164,164) (325,148,47,47) (135,144,131,131) (372,163,47,47)
"1308766989.2054":(94,171,160,160)
"1308766989.4734":(107,167,163,163) (174,148,139,139)
"1308766989.7414":(103,174,166,166) (329,153,47,47) (152,139,149,149) (367,155,48,48)
"1308766990.0054":(100,175,155,155) (320,149,47,47) (168,147,139,139) (372,156,48,48)
"1308766990.2734":(55,170,147,147) (323,150,47,47) (152,159,136,136) (364,158,47,47)
"1308766990.5490":(49,160,141,141) (321,142,48,48) (148,144,135,135) (369,158,47,47)
"1308766990.8054":(56,162,137,137) (318,148,47,47) (143,134,129,129) (363,157,47,47)
"1308766992.1414":(58,137,117,117) (159,135,123,123)
"1308766992.4054":(59,134,113,113) (163,117,117,117)
"1308766992.6735":(70,133,111,111) (158,141,114,114)
"1308766992.9413":(44,125,110,110) (315,148,48,48) (145,142,116,116)
"1308766993.2054":(65,137,112,112) (324,145,47,47) (153,128,114,114) (362,154,47,47)
"1308766993.4734":(70,146,111,111) (319,141,48,48) (135,134,114,114) (357,152,47,47)
"1308766993.7416":(48,134,113,113) (305,137,47,47) (168,127,109,109) (360,150,46,46)
"1308766994.0103":(42,138,110,110) (319,142,48,48) (177,128,114,114) (361,145,47,47)
"1308766994.2734":(57,139,110,110) (315,134,48,48) (162,129,112,112) (364,153,53,53)
"1308766994.5414":(70,143,107,107) (148,121,114,114)
"1308766995.0734":(-82,2596,804,804)
"1308766995.6054":(142,131,114,114)
"1308766995.8778":(147,140,89,89) (165,127,108,108)
"1308766996.1414":(146,132,86,86) (209,110,102,102)
"1308766996.4093":(178,128,82,82) (315,136,48,48) (217,120,98,98) (366,154,48,48)
"1308766996.6734":(305,139,47,47) (221,118,94,94) (359,153,47,47)
"1308766996.9413":(305,138,48,48) (221,122,89,89) (372,150,47,47)
"1308766998.0094":(319,140,48,48) (232,114,73,73) (364,157,48,48)
"1308767000.4094":(236,118,65,65)
"1308767000.6734":(211,120,59,59)
"1308767000.9414":(211,125,60,60) (329,143,48,48) (235,117,66,66) (366,160,47,47)
"1308767001.2094":(198,121,61,61) (329,141,48,48) (237,119,66,66)
"1308767001.4747":(188,116,61,61) (327,142,48,48) (259,113,65,65)
"1308767001.7414":(196,120,62,62) (334,146,48,48) (244,121,66,66) (362,151,46,46)
"1308767002.0133":(196,118,64,64) (328,141,48,48) (248,113,68,68) (369,162,48,48)
"1308767003.3415":(181,124,75,75) (311,136,48,48) (231,112,77,77) (372,148,47,47)
"1308767003.6110":(168,128,76,76) (326,143,48,48) (236,124,78,78) (367,154,45,45)
"1308767003.8776":(176,127,78,78) (333,139,48,48) (224,112,81,81) (370,151,47,47)
"1308767004.1414":(164,129,78,78) (325,142,48,48) (214,117,82,82) (367,153,47,47)
"1308767004.4094":(175,127,80,80) (323,138,48,48) (234,107,85,85) (371,144,47,47)
"1308767005.7414":(148,131,92,92) (315,140,48,48) (211,126,93,93) (362,149,47,47)
"1308767006.0110":(107,134,96,96) (322,146,49,49) (187,120,97,97) (371,155,45,45)
"1308767006.2774":(103,141,100,100) (326,147,48,48) (193,128,99,99) (358,156,74,74)
"1308767006.5457":(79,151,103,103) (318,145,48,48) (173,127,102,102) (360,154,48,48)
"1308767006.8156":(116,141,107,107) (308,145,47,47) (181,127,107,107) (365,154,47,47)
"1308767007.8799":(64,162,142,142) (315,140,47,47) (196,125,116,116) (365,159,48,48)
"1308767008.1472":(39,174,151,151) (325,147,49,49) (181,136,114,114) (366,156,47,47)
"1308767008.4150":(53,169,154,154) (318,150,48,48) (144,135,120,120) (362,156,46,46)
"1308767008.6774":(72,176,173,173) (318,146,48,48) (139,139,128,128) (367,162,46,46)
"1308767008.9466":(53,183,191,191) (315,146,48,48) (150,140,131,131) (367,161,47,47)
"1308767009.2094":(33,177,220,220) (321,146,48,48) (153,141,127,127) (377,155,44,44)
"1308767009.4773":(29,189,223,223) (322,145,48,48) (179,136,139,139) (369,157,45,45)
"1308767009.7418":(37,221,264,264) (320,147,48,48) (195,135,141,141) (365,156,49,49)
"1308767010.0094":(-5,211,287,287) (190,143,142,142)
"1308767010.2826":(7,229,286,286) (182,153,139,139)
"1308767010.8096":(216,154,166,166)
"1308767011.0773":(249,163,179,179)
"1308767011.3416":(263,166,211,211)
"1308767011.6098":(236,170,203,203)
"1308767011.8774":(-95,301,465,465) (233,182,209,209)
"1308767012.1415":(-88,287,469,469) (314,146,48,48) (193,166,216,216) (366,149,47,47)
"1308767012.4094":(-83,293,472,472) (310,140,48,48) (197,168,246,246) (366,154,47,47)
"1308767012.6778":(-83,257,476,476) (321,150,48,48) (149,159,230,230) (364,151,50,50)
"1308767012.9416":(-137,268,518,518) (315,141,47,47) (181,162,230,230) (366,154,48,48)
"1308767013.2098":(315,139,47,47) (187,176,234,234) (368,156,47,47)
"1308767013.4773":(317,147,47,47) (185,190,257,257) (369,160,46,46)
"1308767013.7413":(322,142,48,48) (172,160,241,241) (369,148,48,48)
"1308767014.0094":(311,143,48,48) (62,185,280,280) (358,156,46,46)
"1308767014.2775":(315,145,48,48) (33,191,263,263) (368,158,47,47)
"1308767014.5454":(320,144,48,48) (-16,203,270,270) (364,157,48,48)
"1308767014.8093":(316,143,47,47) (-4,192,304,304) (366,154,47,47)
"1308767015.0773":(322,148,47,47) (-11,185,302,302) (366,157,47,47)
"1308767015.3466":(311,142,48,48) (18,191,296,296) (366,160,47,47)
"1308767015.6142":(321,151,48,48) (-47,202,299,299) (366,156,48,48)
"1308767015.8783":(324,148,48,48) (1,210,303,303) (367,155,47,47)
"1308767016.6773":(329,151,48,48) (85,207,269,269) (368,160,47,47)
"1308767016.9453":(335,152,47,47) (83,205,273,273) (368,156,46,46)
"1308767017.2093":(338,147,48,48) (-7,239,307,307) (365,159,48,48)
"1308767017.4773":(331,145,48,48) (-81,286,367,367) (357,156,74,74)
"1308767019.3453":(178,270,432,432)
"1308767019.8773":(165,252,321,321)
"1308767020.1453":(167,262,332,332)
"1308767020.4094":(188,253,277,277)
