"1308948315.1006":(377,196,59,59) (368,168,45,45)
"1308948315.3647":(384,195,60,60) (368,166,45,45)
"1308948315.6327":(381,196,59,59) (361,165,46,46)
"1308948315.9047":(383,190,59,59) (365,166,45,45)
"1308948316.1648":(383,195,61,61) (365,164,45,45)
"1308948316.4327":(378,192,61,61) (369,164,45,45)
"1308948316.7007":(381,196,60,60) (368,162,45,45)
"1308948316.9648":(379,191,60,60) (367,170,45,45)
"1308948317.2329":(380,192,61,61) (367,163,47,47)
"1308948317.5007":(385,192,60,60) (366,163,45,45)
"1308948317.7687":(381,194,60,60) (362,167,45,45)
"1308948318.0329":(381,195,62,62) (364,169,45,45)
"1308948318.3009":(386,193,60,60) (359,167,47,47)
"1308948318.5688":(381,196,61,61) (364,162,45,45)
"1308948318.8328":(385,193,60,60) (359,159,45,45)
"1308948319.1009":(382,194,62,62) (366,163,45,45)
"1308948319.3756":(382,195,61,61) (366,162,45,45)
"1308948319.6332":(381,194,62,62) (373,158,46,46)
"1308948319.9024":(379,196,61,61) (374,158,45,45)
"1308948320.1687":(385,193,60,60) (371,160,46,46)
"1308948320.4426":(382,187,60,60) (368,162,47,47)
"1308948320.7036":(376,193,60,60) (366,161,46,46)
"1308948320.9688":(380,187,61,61) (369,160,48,48)
"1308948321.2328":(378,195,60,60) (372,160,47,47)
"1308948321.5007":(379,189,60,60) (365,158,47,47)
"1308948321.7687":(377,193,60,60) (367,160,47,47)
"1308948322.0329":(381,188,60,60) (367,160,47,47)
"1308948322.3013":(378,189,62,62) (368,159,47,47)
"1308948322.5687":(385,191,61,61) (363,159,46,46)
"1308948322.8328":(384,191,61,61) (351,155,47,47)
"1308948323.1008":(383,191,61,61) (353,161,46,46)
"1308948323.3709":(378,189,60,60) (357,158,47,47)
"1308948323.6356":(380,192,60,60) (356,159,48,48)
"1308948323.9008":(380,192,61,61) (361,159,46,46)
"1308948324.1687":(382,193,62,62) (363,157,46,46)
"1308948324.4332":(377,192,62,62) (367,165,47,47)
"1308948324.7008":(381,194,60,60) (372,159,46,46)
"1308948324.9723":(380,193,62,62) (371,164,46,46)
"1308948325.2329":(380,191,61,61) (365,159,47,47)
"1308948325.5017":(382,191,61,61) (367,158,47,47)
"1308948325.7688":(373,190,62,62) (366,158,48,48)
"1308948326.0413":(382,191,65,65) (364,164,48,48)
"1308948326.3009":(382,195,63,63) (360,163,48,48)
"1308948326.5694":(385,189,63,63) (364,164,48,48)
"1308948326.8369":(377,191,64,64) (369,158,48,48)
"1308948327.1016":(380,190,64,64) (377,159,47,47)
"1308948327.3693":(374,190,64,64) (373,160,49,49)
"1308948327.6368":(382,193,62,62) (370,160,50,50)
"1308948327.9009":(379,195,63,63) (368,165,49,49)
"1308948328.1689":(376,195,63,63) (366,164,49,49)
"1308948328.4379":(379,195,63,63) (372,161,49,49)
"1308948328.7061":(379,190,62,62) (363,167,48,48)
"1308948328.9696":(381,195,62,62) (355,161,64,64)
"1308948329.2369":(381,193,62,62) (363,163,48,48)
"1308948329.5037":(379,190,62,62) (360,162,49,49)
"1308948329.7763":(376,195,62,62) (353,164,49,49) (380,198,201,201)
"1308948330.0447":(355,171,47,47) (297,190,177,177)
"1308948330.3013":(378,192,65,65) (355,165,48,48) (261,178,155,155)
"1308948330.5700":(381,191,63,63) (358,167,48,48) (265,174,132,132)
"1308948330.8370":(378,189,63,63) (366,163,48,48) (267,162,115,115)
"1308948331.1066":(381,190,63,63) (366,164,48,48) (246,160,101,101)
"1308948331.3731":(380,194,62,62) (362,166,48,48) (242,145,90,90)
"1308948331.6421":(382,191,63,63) (363,164,48,48) (264,150,80,80)
"1308948331.9057":(380,193,63,63) (368,162,48,48) (267,136,75,75)
"1308948332.1735":(379,189,62,62) (367,161,48,48) (270,137,68,68)
"1308948332.4367":(384,190,62,62) (367,162,48,48) (284,136,63,63)
"1308948332.7007":(379,190,62,62) (370,163,48,48) (304,140,59,59)
"1308948332.9754":(380,189,62,62) (363,171,48,48) (309,129,56,56)
"1308948333.2378":(378,193,63,63) (367,166,49,49) (306,129,53,53)
"1308948333.5071":(379,197,63,63) (365,162,48,48) (312,130,52,52)
"1308948333.7735":(373,189,63,63) (368,160,48,48) (323,142,51,51)
"1308948334.0419":(382,189,63,63) (364,165,48,48) (321,151,52,52)
"1308948334.3030":(379,189,63,63) (364,161,48,48) (320,155,51,51)
"1308948334.5688":(381,188,63,63) (368,162,48,48) (317,153,52,52)
"1308948334.8424":(377,193,63,63) (367,161,48,48) (325,157,51,51)
"1308948335.1048":(374,189,63,63) (369,165,48,48) (330,149,52,52)
"1308948335.3687":(380,189,63,63) (369,164,48,48) (335,145,51,51)
"1308948335.6409":(377,187,63,63) (365,165,48,48) (342,140,51,51)
"1308948335.9047":(379,188,63,63) (369,164,47,47) (341,139,49,49)
"1308948336.1688":(377,191,63,63) (364,163,48,48) (327,143,49,49)
"1308948336.4368":(375,191,63,63) (362,167,48,48) (333,147,49,49)
"1308948336.7128":(376,187,63,63) (365,164,48,48) (336,151,48,48)
"1308948336.9743":(381,197,63,63) (362,168,48,48) (337,149,48,48)
"1308948337.2427":(378,191,63,63) (362,172,48,48) (335,151,48,48)
"1308948337.5096":(382,197,63,63) (356,177,48,48) (336,152,48,48)
"1308948337.7817":(381,192,62,62) (350,179,48,48) (330,166,48,48)
"1308948338.0368":(376,190,62,62) (348,184,47,47) (330,164,48,48)
"1308948338.3082":(380,197,62,62) (346,183,48,48) (327,157,48,48)
"1308948338.5712":(384,192,62,62) (348,179,47,47) (322,154,49,49)
"1308948338.8391":(386,193,60,60) (351,178,47,47) (325,155,48,48)
"1308948339.1082":(381,188,61,61) (351,181,48,48) (319,152,49,49)
"1308948339.3749":(382,197,62,62) (345,184,47,47) (328,155,49,49)
"1308948339.6395":(382,194,63,63) (349,184,47,47) (324,155,49,49)
"1308948339.9132":(382,197,62,62) (356,180,47,47) (325,156,49,49)
"1308948340.1716":(389,199,61,61) (359,180,47,47) (327,163,49,49)
"1308948340.4452":(378,189,61,61) (355,177,47,47) (325,164,48,48)
"1308948340.7079":(379,198,62,62) (348,179,47,47) (320,157,49,49)
"1308948340.9724":(385,199,63,63) (353,173,47,47) (319,155,49,49)
"1308948341.2402":(385,194,61,61) (357,163,46,46) (322,160,49,49)
"1308948341.5073":(386,196,60,60) (362,164,48,48) (324,154,48,48)
"1308948341.7687":(387,198,61,61) (364,161,48,48) (322,160,49,49)
"1308948342.0428":(388,187,62,62) (368,163,46,46) (323,162,49,49)
"1308948342.3072":(384,202,61,61) (368,164,46,46) (322,156,48,48)
"1308948342.5687":(379,191,61,61) (363,163,47,47) (321,152,48,48)
"1308948342.8368":(383,187,61,61) (364,160,46,46) (319,152,49,49)
"1308948343.1073":(386,196,62,62) (365,161,47,47) (319,152,49,49)
"1308948343.3688":(387,191,61,61) (365,163,47,47) (327,158,48,48)
"1308948343.6573":(381,191,60,60) (356,159,46,46) (319,157,49,49)
"1308948343.9367":(383,190,62,62) (359,163,47,47) (323,156,48,48)
"1308948344.2048":(383,187,61,61) (359,165,48,48) (324,155,49,49)
"1308948344.4754":(379,190,62,62) (354,166,47,47) (320,156,49,49)
"1308948344.7369":(383,188,61,61) (357,171,46,46) (319,155,48,48)
"1308948345.0047":(384,184,62,62) (357,163,46,46) (317,163,48,48)
"1308948345.2727":(380,193,61,61) (362,168,46,46) (323,164,48,48)
"1308948345.5367":(389,189,61,61) (369,160,45,45) (326,164,48,48)
"1308948345.8047":(384,187,61,61) (365,158,46,46) (323,162,48,48)
"1308948346.0727":(379,195,83,83) (367,165,46,46) (327,162,48,48)
"1308948346.3368":(382,187,61,61) (368,161,46,46) (329,170,48,48)
"1308948346.6047":(377,192,61,61) (371,161,46,46) (328,168,48,48)
"1308948346.8728":(390,186,62,62) (369,163,46,46) (330,162,47,47)
"1308948347.1368":(380,193,63,63) (370,161,46,46) (333,159,47,47)
"1308948347.4047":(378,189,63,63) (371,162,45,45) (329,160,47,47)
"1308948347.6728":(379,193,63,63) (366,161,46,46) (332,158,47,47)
"1308948347.9368":(377,190,62,62) (372,162,46,46) (337,154,47,47)
"1308948348.2049":(388,188,62,62) (368,160,48,48) (334,155,47,47)
"1308948348.4728":(382,187,63,63) (368,160,48,48) (331,157,47,47)
"1308948348.7368":(385,188,62,62) (367,163,48,48) (324,154,47,47)
"1308948349.0048":(385,194,62,62) (365,163,46,46) (327,154,47,47)
"1308948349.2728":(381,188,62,62) (370,161,48,48) (330,155,47,47)
"1308948349.5367":(379,184,63,63) (369,161,46,46) (327,153,47,47)
"1308948349.8048":(383,188,63,63) (368,160,46,46) (331,155,48,48)
"1308948350.0728":(385,189,62,62) (367,162,46,46) (324,157,47,47)
"1308948350.3370":(385,190,63,63) (367,162,47,47) (332,153,47,47)
"1308948350.6052":(385,193,62,62) (368,165,46,46) (326,153,47,47)
"1308948350.8727":(382,195,61,61) (367,162,46,46) (327,154,47,47)
"1308948351.1370":(377,189,63,63) (366,161,46,46) (327,154,47,47)
"1308948351.4049":(381,190,62,62) (366,161,46,46) (328,153,48,48)
"1308948351.6727":(384,192,62,62) (366,163,46,46) (333,153,47,47)
"1308948351.9368":(378,190,63,63) (367,162,46,46) (329,154,47,47)
"1308948352.2048":(386,186,63,63) (364,163,46,46) (329,152,47,47)
"1308948352.4728":(389,188,63,63) (368,160,46,46) (332,151,48,48)
"1308948352.7370":(377,185,63,63) (369,161,46,46) (329,156,47,47)
"1308948353.0050":(386,188,63,63) (367,163,46,46) (329,158,47,47)
"1308948353.2727":(386,195,62,62) (367,164,47,47) (331,153,47,47)
"1308948353.5408":(386,192,61,61) (367,162,46,46) (326,152,48,48)
"1308948353.8047":(390,194,61,61) (371,163,47,47) (332,153,48,48)
"1308948354.0731":(387,191,61,61) (367,169,46,46) (331,155,47,47)
"1308948354.3407":(389,198,61,61) (362,164,47,47) (328,157,47,47)
"1308948354.6049":(386,190,62,62) (369,162,46,46) (330,154,47,47)
"1308948354.8728":(392,192,61,61) (369,161,47,47) (329,154,47,47)
"1308948355.1410":(386,193,61,61) (364,171,46,46) (329,154,47,47)
"1308948355.4049":(384,188,63,63) (367,161,46,46) (333,158,48,48)
"1308948355.6729":(383,191,63,63) (364,164,47,47) (327,153,47,47)
"1308948355.9407":(375,193,62,62) (365,160,46,46) (329,154,47,47)
"1308948356.2080":(379,186,62,62) (362,162,46,46) (329,156,47,47)
"1308948356.4729":(388,192,61,61) (368,163,47,47) (330,155,48,48)
"1308948356.7412":(-96,255,264,264) (382,192,62,62) (366,169,46,46) (329,157,47,47)
"1308948357.0048":(-125,210,260,260) (382,193,63,63) (363,165,46,46) (332,156,49,49)
"1308948357.2752":(-130,201,263,263) (382,194,61,61) (370,165,45,45) (326,156,47,47)
"1308948357.5409":(-129,199,258,258) (380,188,62,62) (364,162,46,46) (333,154,47,47)
"1308948357.8101":(-123,188,255,255) (379,186,61,61) (364,167,46,46) (332,153,47,47)
"1308948358.0729":(-130,193,264,264) (376,192,61,61) (368,164,47,47) (329,160,47,47)
"1308948358.3408":(-114,202,243,243) (385,193,61,61) (360,161,47,47) (326,155,47,47)
"1308948358.6103":(-104,229,233,233) (383,195,62,62) (367,163,47,47) (328,156,47,47)
"1308948358.8737":(-71,302,201,201) (382,194,62,62) (363,166,46,46) (330,165,47,47)
"1308948359.1408":(386,195,62,62) (365,164,47,47) (325,156,47,47)
"1308948359.4049":(387,192,62,62) (367,173,46,46) (333,157,47,47)
"1308948359.6727":(385,192,61,61) (368,162,46,46) (331,159,47,47)
"1308948359.9451":(384,196,62,62) (366,170,46,46) (330,155,47,47)
"1308948360.2048":(382,189,61,61) (365,165,46,46) (327,158,47,47)
"1308948360.4729":(381,187,61,61) (364,166,46,46) (330,153,47,47)
"1308948360.7408":(382,186,61,61) (362,164,45,45) (329,154,47,47)
"1308948361.0060":(388,192,60,60) (367,163,47,47) (327,158,47,47)
"1308948361.2738":(387,191,61,61) (366,167,46,46) (327,157,47,47)
"1308948361.5409":(383,187,61,61) (362,166,46,46) (330,154,48,48)
"1308948361.8088":(381,195,61,61) (367,172,47,47) (334,154,47,47)
"1308948362.0729":(379,193,62,62) (361,166,47,47) (327,152,48,48)
"1308948362.3411":(387,194,62,62) (365,165,46,46) (326,154,47,47)
"1308948362.6111":(378,193,61,61) (369,166,47,47) (331,151,47,47)
"1308948362.8729":(382,193,62,62) (365,160,46,46) (329,155,49,49)
"1308948363.1407":(384,189,61,61) (368,163,46,46) (326,156,48,48)
"1308948363.4087":(385,181,61,61) (372,162,47,47) (328,154,48,48)
"1308948363.6732":(382,188,62,62) (368,162,47,47) (330,154,48,48)
"1308948363.9408":(379,190,62,62) (369,162,47,47) (330,153,48,48)
"1308948364.2089":(381,185,63,63) (370,161,46,46) (333,152,47,47)
"1308948364.4784":(383,188,61,61) (366,165,45,45) (330,151,48,48)
"1308948364.7410":(379,186,61,61) (367,165,46,46) (331,153,47,47)
"1308948365.0153":(385,187,62,62) (365,165,45,45) (331,155,47,47)
"1308948365.2728":(384,189,61,61) (364,163,46,46) (326,153,47,47)
"1308948365.5406":(384,192,61,61) (364,171,46,46) (328,155,47,47)
"1308948365.8099":(389,189,61,61) (365,164,46,46) (329,153,47,47)
"1308948366.0729":(383,191,64,64) (369,163,46,46) (328,160,48,48)
"1308948366.3494":(385,190,63,63) (365,163,46,46) (329,160,47,47)
"1308948366.6144":(379,193,62,62) (363,166,47,47) (328,157,49,49)
"1308948366.8729":(382,188,63,63) (371,165,46,46) (328,155,48,48)
"1308948367.1469":(388,190,62,62) (370,165,46,46) (330,158,47,47)
"1308948367.4135":(389,189,62,62) (367,163,46,46) (328,153,47,47)
"1308948367.6779":(381,193,62,62) (372,164,47,47) (332,155,49,49)
"1308948367.9408":(387,190,63,63) (365,162,47,47) (329,153,48,48)
"1308948368.2140":(383,192,62,62) (368,162,46,46) (332,157,47,47)
"1308948368.4727":(383,190,62,62) (369,162,46,46) (328,156,48,48)
"1308948368.7451":(378,194,63,63) (369,161,47,47) (329,155,48,48)
"1308948369.0103":(382,187,62,62) (372,160,46,46) (326,153,47,47)
"1308948369.2728":(385,188,61,61) (366,161,47,47) (329,155,47,47)
"1308948369.5466":(383,187,62,62) (367,164,48,48) (331,154,48,48)
"1308948369.8093":(388,187,61,61) (365,163,48,48) (329,156,49,49)
"1308948370.0757":(390,189,61,61) (370,165,47,47) (328,153,47,47)
"1308948370.3408":(387,189,61,61) (373,160,46,46) (329,153,48,48)
"1308948370.6088":(386,192,61,61) (372,166,48,48) (332,154,47,47)
"1308948370.8802":(387,189,62,62) (369,162,46,46) (330,153,48,48)
"1308948371.1459":(386,187,61,61) (369,162,47,47) (330,153,47,47)
"1308948371.4118":(385,193,61,61) (369,165,46,46) (331,157,47,47)
"1308948371.6769":(383,194,62,62) (370,162,46,46) (328,152,48,48)
"1308948371.9409":(391,191,61,61) (368,161,46,46) (327,155,47,47)
"1308948372.2097":(388,191,61,61) (371,163,45,45) (333,161,49,49)
"1308948372.4809":(385,187,63,63) (372,160,46,46) (326,152,47,47)
"1308948372.7478":(390,192,62,62) (367,162,46,46) (324,154,47,47)
"1308948373.0140":(387,196,61,61) (368,163,47,47) (328,157,47,47)
"1308948373.2804":(388,188,61,61) (373,168,46,46) (331,155,47,47)
"1308948373.5432":(387,184,62,62) (369,162,47,47) (332,154,47,47)
"1308948373.8139":(386,185,62,62) (367,163,48,48) (333,153,49,49)
"1308948374.0766":(383,189,62,62) (368,163,46,46) (330,155,49,49)
"1308948374.3432":(388,192,60,60) (371,162,47,47) (331,159,48,48)
"1308948374.6112":(383,188,64,64) (371,160,46,46) (331,158,47,47)
"1308948374.8819":(387,191,61,61) (368,162,47,47) (329,153,47,47)
"1308948375.1438":(388,189,62,62) (366,168,46,46) (332,155,47,47)
"1308948375.4113":(393,188,61,61) (367,162,48,48) (327,157,47,47)
"1308948375.6792":(391,192,61,61) (373,163,47,47) (332,160,48,48)
"1308948375.9450":(391,192,61,61) (369,160,47,47) (330,153,47,47)
"1308948376.2119":(393,189,64,64) (369,161,46,46) (330,159,47,47)
"1308948376.4792":(398,189,61,61) (367,160,47,47) (330,153,48,48)
"1308948376.7436":(396,193,61,61) (367,160,46,46) (331,156,47,47)
"1308948377.0112":(387,182,61,61) (369,162,46,46) (331,152,47,47)
"1308948377.2820":(390,195,61,61) (368,165,48,48) (325,155,48,48)
"1308948377.5409":(389,187,61,61) (364,161,45,45) (331,154,47,47)
"1308948377.8114":(390,192,61,61) (368,162,46,46) (329,155,48,48)
"1308948378.0793":(392,190,62,62) (369,162,47,47) (331,155,47,47)
"1308948378.3408":(394,189,61,61) (369,160,47,47) (326,154,48,48)
"1308948378.6088":(393,192,61,61) (370,161,46,46) (333,153,48,48)
"1308948378.8767":(386,191,61,61) (372,161,47,47) (333,152,48,48)
"1308948379.1410":(395,193,61,61) (373,162,45,45) (331,154,48,48)
"1308948379.4088":(387,188,64,64) (371,167,47,47) (333,151,47,47)
"1308948379.6767":(390,189,62,62) (368,164,48,48) (331,156,47,47)
"1308948379.9473":(381,200,63,63) (370,165,46,46) (330,154,47,47)
"1308948380.2087":(391,186,63,63) (372,165,46,46) (333,153,47,47)
"1308948380.4768":(390,189,62,62) (368,166,47,47) (333,154,49,49)
"1308948380.7448":(384,186,62,62) (373,164,45,45) (327,155,47,47)
"1308948381.0088":(389,182,62,62) (371,158,46,46) (331,158,47,47)
"1308948381.2768":(392,188,61,61) (367,162,46,46) (333,163,49,49)
"1308948381.5447":(386,185,64,64) (366,164,47,47) (329,154,48,48)
"1308948381.8088":(388,194,61,61) (366,163,46,46) (330,155,48,48)
"1308948382.0768":(385,195,63,63) (362,167,45,45) (331,159,47,47)
"1308948382.3447":(388,182,62,62) (372,169,47,47) (332,161,47,47)
"1308948382.6088":(384,192,62,62) (369,167,47,47) (330,153,48,48)
"1308948382.8768":(384,194,61,61) (368,169,45,45) (329,163,48,48)
"1308948383.1448":(389,193,64,64) (372,163,46,46) (330,160,47,47)
"1308948383.4087":(392,189,61,61) (369,162,47,47) (328,157,47,47)
"1308948383.6767":(390,187,63,63) (374,164,47,47) (333,153,48,48)
"1308948383.9448":(385,184,62,62) (368,167,47,47) (336,157,47,47)
"1308948384.2089":(383,194,61,61) (370,170,45,45) (328,151,47,47)
"1308948384.4771":(386,190,59,59) (372,162,48,48) (336,154,47,47)
"1308948384.7448":(390,188,62,62) (373,169,46,46) (333,155,47,47)
"1308948385.0087":(392,193,61,61) (373,166,46,46) (335,151,48,48)
"1308948385.2789":(383,188,63,63) (373,163,47,47) (332,156,47,47)
"1308948385.5449":(391,187,61,61) (373,165,47,47) (334,154,47,47)
"1308948385.8103":(383,191,63,63) (376,163,48,48) (333,156,47,47)
"1308948386.0768":(383,181,62,62) (371,163,48,48) (329,158,47,47)
"1308948386.3447":(382,186,63,63) (377,165,47,47) (333,154,46,46)
"1308948386.6089":(383,189,62,62) (375,167,48,48) (329,157,47,47)
"1308948386.8768":(384,194,62,62) (375,162,48,48) (330,151,47,47)
"1308948387.1448":(380,187,63,63) (370,166,47,47) (329,154,47,47)
"1308948387.4092":(382,180,62,62) (371,165,47,47) (329,155,45,45)
"1308948387.6767":(382,189,63,63) (370,170,48,48) (330,155,47,47)
"1308948387.9448":(387,184,61,61) (375,170,47,47) (331,157,47,47)
"1308948388.2089":(385,186,62,62) (377,169,47,47) (328,153,47,47)
"1308948388.4768":(382,187,62,62) (369,168,48,48) (329,158,47,47)
"1308948388.7448":(385,191,61,61) (369,173,48,48) (334,156,47,47)
"1308948389.0128":(380,186,63,63) (375,165,48,48) (333,156,47,47)
"1308948389.2769":(378,192,62,62) (-82,2596,804,804) (376,167,47,47) (330,154,47,47)
"1308948389.5450":(387,187,62,62) (372,166,48,48) (332,154,47,47)
"1308948389.8128":(383,189,61,61) (373,166,47,47) (333,154,48,48)
"1308948390.0768":(388,190,62,62) (371,169,48,48) (336,160,47,47)
"1308948390.3447":(391,188,63,63) (371,160,48,48) (336,160,48,48)
"1308948390.6128":(383,190,62,62) (371,167,47,47) (334,161,48,48)
"1308948390.8768":(383,194,62,62) (373,174,48,48) (333,163,48,48)
"1308948391.1450":(385,186,62,62) (371,168,46,46) (334,154,48,48)
"1308948391.4131":(382,184,60,60) (371,166,46,46) (338,157,47,47)
"1308948391.6769":(384,195,62,62) (373,167,48,48) (335,155,47,47)
"1308948391.9448":(388,189,61,61) (374,164,47,47) (337,153,47,47)
"1308948392.2128":(386,187,61,61) (376,170,47,47) (341,158,47,47)
"1308948392.4768":(385,189,62,62) (375,168,47,47) (342,153,48,48)
"1308948392.7495":(382,190,63,63) (379,167,47,47) (335,152,48,48)
"1308948393.0135":(390,189,62,62) (368,167,48,48) (340,155,47,47)
"1308948393.2800":(385,187,63,63) (374,167,47,47) (336,155,48,48)
"1308948393.5447":(379,186,63,63) (371,169,48,48) (336,153,48,48)
"1308948393.8128":(379,187,63,63) (370,170,48,48) (333,156,48,48)
"1308948394.0768":(384,186,61,61) (377,168,48,48) (333,156,47,47)
"1308948394.3448":(378,184,63,63) (370,165,48,48) (334,157,48,48)
"1308948394.6148":(382,186,63,63) (374,166,48,48) (330,160,47,47)
"1308948394.8769":(385,188,62,62) (381,174,48,48) (331,156,48,48)
"1308948395.1473":(379,196,63,63) (371,168,47,47) (332,160,47,47)
"1308948395.4129":(382,187,62,62) (373,169,48,48) (334,159,47,47)
"1308948395.6777":(382,185,63,63) (370,167,48,48) (329,158,47,47)
"1308948395.9449":(380,189,64,64) (371,170,47,47) (329,160,47,47)
"1308948396.2151":(380,190,63,63) (376,173,42,42) (328,160,48,48)
"1308948396.4776":(378,186,63,63) (374,169,46,46) (328,158,48,48)
"1308948396.7449":(380,185,63,63) (373,166,48,48) (329,159,47,47)
"1308948397.0161":(380,199,62,62) (374,172,48,48) (330,158,47,47)
"1308948397.2808":(378,187,62,62) (370,164,48,48) (332,163,48,48)
"1308948397.5448":(378,185,62,62) (370,164,47,47) (335,160,47,47)
"1308948397.8129":(381,188,62,62) (376,167,48,48) (336,159,47,47)
"1308948398.0807":(385,186,63,63) (372,169,48,48) (330,158,47,47)
"1308948398.3459":(382,186,62,62) (376,165,48,48) (332,159,47,47)
"1308948398.6128":(382,194,62,62) (373,173,47,47) (334,163,47,47)
"1308948398.8809":(389,185,61,61) (372,168,48,48) (326,158,47,47)
"1308948399.1449":(387,187,61,61) (372,166,48,48) (337,159,47,47)
"1308948399.4128":(381,197,61,61) (373,167,48,48) (333,162,47,47)
"1308948399.6808":(386,189,64,64) (378,162,48,48) (339,160,47,47)
"1308948399.9448":(382,192,61,61) (376,165,47,47) (338,157,47,47)
"1308948400.2129":(385,184,61,61) (372,167,47,47) (335,162,47,47)
"1308948400.4812":(384,193,60,60) (381,167,43,43) (341,158,47,47)
"1308948400.7550":(388,180,61,61) (377,165,45,45) (341,157,47,47)
"1308948401.0188":(385,186,61,61) (377,164,46,46) (338,156,47,47)
