"1308949021.6729":(373,189,62,62)
"1308949021.9409":(376,192,61,61)
"1308949022.2089":(375,199,61,61)
"1308949022.4730":(373,197,62,62)
"1308949022.7410":(375,193,61,61)
"1308949023.0089":(379,195,63,63)
"1308949023.2737":(378,186,63,63)
"1308949023.5410":(367,164,45,45)
"1308949023.8088":(361,163,47,47) (377,189,63,63)
"1308949024.0729":(358,165,46,46) (374,190,62,62)
"1308949024.3412":(356,160,45,45) (373,188,62,62)
"1308949024.6089":(354,160,46,46) (378,188,61,61)
"1308949024.8729":(352,161,47,47) (372,190,62,62)
"1308949025.1409":(362,159,47,47) (374,191,63,63)
"1308949025.4090":(359,163,46,46) (377,192,61,61)
"1308949025.6769":(359,161,45,45) (374,201,60,60)
"1308949025.9409":(363,162,48,48) (379,196,63,63)
"1308949026.2090":(364,162,45,45) (375,199,61,61)
"1308949026.4770":(362,160,46,46) (381,195,63,63)
"1308949026.7409":(365,165,45,45) (383,189,60,60)
"1308949027.0089":(369,158,46,46) (378,194,63,63)
"1308949027.2770":(361,165,47,47) (375,197,63,63)
"1308949027.5410":(363,154,45,45) (380,192,60,60)
"1308949027.8089":(366,158,45,45) (383,189,61,61)
"1308949028.0769":(362,172,45,45) (375,188,62,62)
"1308949028.3413":(364,160,46,46) (382,192,61,61)
"1308949028.6089":(369,164,47,47) (377,198,61,61)
"1308949028.8769":(368,162,45,45) (381,191,61,61)
"1308949029.1457":(369,161,45,45) (375,194,63,63)
"1308949029.4141":(375,164,47,47) (383,192,61,61)
"1308949029.6769":(373,165,48,48) (380,195,62,62)
"1308949029.9479":(377,159,45,45) (383,193,60,60)
"1308949030.2089":(373,161,48,48) (383,191,60,60)
"1308949030.4770":(370,166,45,45) (386,188,60,60)
"1308949030.7410":(373,150,45,45) (383,196,60,60)
"1308949031.0090":(377,161,45,45) (367,191,78,78)
"1308949031.2769":(377,163,45,45) (379,192,62,62)
"1308949031.5409":(376,154,47,47) (387,186,61,61)
"1308949031.8089":(374,159,45,45) (384,192,61,61)
"1308949032.0825":(371,159,46,46) (379,188,75,75)
"1308949032.3438":(367,158,47,47) (384,190,62,62)
"1308949032.6112":(374,163,47,47) (382,186,63,63)
"1308949032.8807":(387,164,48,48) (384,187,61,61)
"1308949033.1409":(395,167,47,47) (382,188,62,62)
"1308949033.4090":(374,188,79,79)
"1308949033.6769":(380,189,60,60)
"1308949033.9503":(385,193,60,60)
"1308949034.2118":(391,171,46,46) (378,196,62,62)
"1308949034.4786":(385,162,46,46) (385,191,61,61)
"1308949034.7449":(375,159,45,45) (379,189,60,60)
"1308949035.0099":(363,155,48,48) (382,196,63,63)
"1308949035.2769":(372,158,48,48) (386,189,61,61)
"1308949035.5463":(384,187,61,61)
"1308949035.8089":(379,199,60,60)
"1308949036.0769":(384,188,62,62)
"1308949036.3464":(378,187,61,61)
"1308949036.6101":(380,194,61,61)
"1308949036.8769":(378,187,63,63)
"1308949037.1450":(381,191,61,61)
"1308949037.4095":(378,195,60,60)
"1308949037.6784":(382,192,60,60)
"1308949037.9449":(383,193,62,62)
"1308949038.2111":(378,189,64,64)
"1308949038.4770":(386,191,61,61)
"1308949038.7450":(371,160,45,45) (383,191,61,61)
"1308949039.0127":(365,164,45,45) (382,189,60,60)
"1308949039.2806":(359,157,46,46) (377,186,62,62)
"1308949039.5482":(368,153,45,45) (382,188,60,60)
"1308949039.8090":(356,161,47,47) (384,188,62,62)
"1308949040.0769":(359,159,49,49) (378,192,62,62)
"1308949040.3449":(359,155,45,45) (377,191,60,60)
"1308949040.6141":(352,160,47,47) (381,195,61,61)
"1308949040.8769":(363,162,45,45) (380,189,61,61)
"1308949041.1480":(363,154,45,45) (377,188,60,60)
"1308949041.4151":(370,159,45,45) (376,187,61,61)
"1308949041.6768":(370,162,46,46) (384,192,60,60)
"1308949041.9552":(363,158,59,59) (382,189,61,61)
"1308949042.2219":(362,158,46,46) (383,187,64,64)
"1308949042.4769":(364,162,46,46) (386,187,60,60)
"1308949042.7502":(368,160,47,47) (384,187,61,61)
"1308949043.0129":(382,194,60,60)
"1308949043.2888":(383,188,63,63)
"1308949043.5448":(371,189,64,64)
"1308949043.8166":(378,192,61,61)
"1308949044.0769":(382,194,61,61)
"1308949044.3449":(381,194,60,60)
"1308949044.6128":(376,193,64,64)
"1308949044.8773":(384,193,60,60)
"1308949045.1450":(378,166,48,48) (384,185,61,61)
"1308949045.4208":(371,165,47,47) (381,191,61,61)
"1308949045.6769":(366,160,46,46) (379,190,62,62)
"1308949045.9450":(377,170,48,48) (382,191,61,61)
"1308949046.2180":(384,189,63,63)
"1308949046.4769":(384,189,60,60)
"1308949046.7449":(405,149,46,46) (384,189,61,61)
"1308949047.0205":(389,129,49,49) (377,188,61,61)
"1308949047.2769":(380,130,48,48) (377,187,60,60)
"1308949047.5449":(392,134,48,48) (380,192,61,61)
"1308949047.8129":(391,130,47,47) (367,192,76,76)
"1308949048.0769":(393,132,50,50) (377,199,61,61)
"1308949048.3449":(395,139,50,50) (384,191,60,60)
"1308949048.6129":(401,136,49,49) (376,188,64,64)
"1308949048.8769":(401,143,49,49) (378,188,60,60)
"1308949049.1449":(400,131,49,49) (386,191,60,60)
"1308949049.4129":(399,140,48,48) (385,192,62,62)
"1308949049.6769":(402,134,48,48)
"1308949049.9449":(399,131,47,47) (383,190,62,62)
"1308949050.2129":(396,135,47,47) (378,187,60,60)
"1308949050.4769":(397,135,47,47) (379,194,61,61)
"1308949050.7449":(383,134,47,47) (387,192,61,61)
"1308949051.0129":(381,134,48,48) (384,189,60,60)
"1308949051.2769":(378,134,47,47) (372,190,76,76)
"1308949051.5449":(368,137,49,49) (382,192,61,61)
"1308949051.8129":(380,138,48,48) (384,196,61,61)
"1308949052.0809":(375,137,49,49) (373,189,63,63)
"1308949052.3450":(357,149,49,49) (390,188,63,63)
"1308949052.6131":(385,151,49,49) (380,197,63,63)
"1308949052.8809":(374,137,65,65) (381,198,61,61)
"1308949053.1449":(381,135,49,49)
"1308949053.4129":(375,136,49,49) (382,193,63,63)
"1308949053.6809":(370,134,50,50) (379,186,64,64)
"1308949053.9449":(374,140,64,64) (379,187,76,76)
"1308949054.2130":(368,138,63,63) (379,188,60,60)
"1308949054.4809":(383,138,49,49) (384,187,64,64)
"1308949054.7450":(375,142,49,49) (373,186,61,61)
"1308949055.0129":(373,129,63,63) (389,186,60,60)
"1308949055.2809":(363,137,64,64) (386,187,60,60)
"1308949055.5449":(347,142,53,53) (383,185,62,62)
"1308949055.8129":(334,141,52,52) (386,187,61,61)
"1308949056.0809":(321,136,51,51) (372,185,62,62)
"1308949056.3450":(304,141,55,55)
"1308949056.6129":(288,144,55,55) (371,190,62,62)
"1308949056.8809":(252,142,59,59) (371,189,64,64)
"1308949057.1449":(238,148,63,63) (377,189,63,63)
"1308949057.4129":(211,151,68,68) (372,189,63,63)
"1308949057.6809":(177,158,72,72) (370,190,62,62)
"1308949057.9449":(149,155,79,79) (375,189,64,64)
"1308949058.2129":(121,163,84,84)
"1308949058.4809":(96,163,91,91) (373,193,64,64)
"1308949058.7455":(62,173,97,97) (374,187,64,64)
"1308949059.0130":(7,167,106,106) (372,187,61,61)
"1308949059.2809":(-34,177,113,113) (370,193,81,81)
"1308949059.5450":(379,190,64,64)
"1308949059.8129":(376,188,64,64)
"1308949060.0809":(362,188,63,63)
"1308949060.3450":(364,194,65,65)
"1308949060.6129":(356,185,61,61)
"1308949060.8809":(360,193,61,61)
"1308949061.1489":(372,189,64,64)
"1308949061.4130":(380,194,62,62)
"1308949061.6810":(375,190,62,62)
"1308949061.9489":(374,194,62,62)
"1308949062.2129":(368,186,65,65)
"1308949062.4809":(378,190,63,63)
"1308949062.7489":(376,202,63,63)
"1308949063.0129":(377,190,63,63)
"1308949063.2809":(376,189,64,64)
"1308949063.5489":(366,187,65,65)
"1308949063.8178":(371,189,64,64)
"1308949064.0812":(371,189,64,64)
"1308949064.3489":(374,190,64,64)
"1308949064.6129":(372,187,64,64)
"1308949064.8825":(376,195,59,59)
"1308949065.1491":(372,186,64,64)
"1308949065.4158":(380,191,61,61)
"1308949065.6809":(374,190,63,63)
"1308949065.9489":(365,192,61,61)
"1308949066.2145":(357,197,64,64)
"1308949066.4811":(376,201,61,61)
"1308949066.7491":(375,189,64,64)
"1308949067.0129":(376,196,64,64)
"1308949067.2810":(366,188,63,63)
"1308949067.5544":(366,178,62,62)
"1308949067.8129":(371,186,63,63)
"1308949068.0852":(374,186,62,62)
"1308949068.3489":(371,183,63,63)
"1308949068.6130":(367,198,62,62)
"1308949068.8811":(344,193,63,63)
"1308949069.1489":(364,186,64,64)
"1308949069.4169":(373,195,64,64)
"1308949069.6810":(368,185,62,62)
"1308949069.9489":(376,191,61,61)
"1308949070.2175":(377,198,64,64)
"1308949070.4812":(380,196,63,63)
"1308949070.7489":(364,185,65,65)
"1308949071.0169":(372,191,64,64)
"1308949071.2831":(375,190,62,62)
"1308949071.5489":(380,198,62,62)
"1308949071.8170":(379,191,63,63)
"1308949072.0810":(370,192,65,65)
"1308949072.3489":(378,192,62,62)
"1308949072.6169":(381,192,62,62)
"1308949072.8810":(372,195,64,64)
"1308949073.1541":(380,197,63,63)
"1308949073.4216":(377,194,61,61)
"1308949073.6823":(374,194,62,62)
"1308949073.9489":(378,194,61,61)
"1308949074.2226":(380,189,62,62)
"1308949074.4831":(378,196,63,63)
"1308949074.7551":(375,203,63,63)
"1308949075.0173":(379,189,65,65)
"1308949075.2866":(377,187,64,64)
"1308949075.5505":(376,191,64,64)
"1308949075.8169":(379,188,63,63)
"1308949076.0858":(377,189,63,63)
"1308949076.3545":(378,193,63,63)
"1308949076.6236":(384,190,62,62)
"1308949076.8809":(388,185,64,64)
"1308949077.1499":(367,189,65,65)
"1308949077.4171":(376,190,64,64)
"1308949077.6919":(372,189,64,64)
"1308949077.9491":(365,192,62,62)
"1308949078.2240":(374,187,64,64)
"1308949078.4883":(376,197,62,62)
"1308949078.7521":(370,193,64,64)
"1308949079.0202":(371,186,64,64)
"1308949079.2854":(379,193,61,61)
"1308949079.5546":(378,196,64,64)
"1308949079.8221":(365,197,64,64)
"1308949080.0901":(377,189,64,64)
"1308949080.3490":(384,183,63,63)
"1308949080.6231":(381,187,64,64)
"1308949080.8919":(364,188,64,64)
"1308949081.1489":(364,189,64,64)
"1308949081.4194":(368,199,64,64)
"1308949081.6849":(375,189,64,64)
"1308949081.9489":(379,188,64,64)
"1308949082.2170":(380,195,63,63)
"1308949082.4860":(375,197,64,64)
"1308949082.7489":(382,183,61,61)
"1308949083.0169":(373,192,62,62)
"1308949083.2849":(377,193,62,62)
"1308949083.5490":(380,198,63,63)
"1308949083.8169":(380,192,61,61)
"1308949084.0849":(368,186,65,65)
"1308949084.3490":(376,195,63,63)
"1308949084.6169":(377,194,63,63)
"1308949084.8851":(382,194,64,64)
"1308949085.1489":(380,189,62,62)
"1308949085.4171":(376,185,64,64)
"1308949085.6849":(368,187,63,63)
"1308949085.9490":(376,197,61,61)
"1308949086.2170":(378,189,62,62)
"1308949086.4849":(382,182,62,62)
"1308949086.7489":(378,196,61,61)
"1308949087.0169":(370,201,63,63)
"1308949087.2849":(388,178,61,61)
"1308949087.5529":(373,194,63,63)
"1308949087.8171":(381,196,64,64)
"1308949088.0849":(378,189,64,64)
"1308949088.3529":(368,189,62,62)
"1308949088.6169":(380,193,64,64)
"1308949088.8850":(391,193,62,62)
"1308949089.1529":(372,193,64,64)
"1308949089.4169":(372,190,63,63)
"1308949089.6850":(381,190,63,63)
"1308949089.9529":(375,195,64,64)
"1308949090.2169":(374,191,63,63)
"1308949090.4849":(375,188,62,62)
"1308949090.7529":(365,188,64,64)
"1308949091.0169":(372,190,64,64)
"1308949091.2849":(378,190,64,64)
"1308949091.5529":(379,190,62,62)
"1308949091.8169":(381,189,64,64)
"1308949092.0851":(364,189,63,63)
"1308949092.3529":(384,193,63,63)
"1308949092.6169":(379,195,64,64)
"1308949092.8849":(382,194,63,63)
"1308949093.4169":(-82,2596,804,804) (386,190,63,63)
"1308949093.6850":(368,190,63,63)
"1308949093.9529":(381,201,61,61)
"1308949094.2170":(379,188,64,64)
"1308949094.4850":(382,194,64,64)
"1308949094.7529":(368,190,63,63)
"1308949095.0224":(388,191,61,61)
"1308949095.2850":(381,196,64,64)
"1308949095.5529":(392,188,64,64)
"1308949095.8171":(376,188,63,63)
"1308949096.0851":(382,186,63,63)
"1308949096.3533":(370,201,62,62)
"1308949096.6209":(374,192,62,62)
"1308949096.8864":(383,193,62,62)
"1308949097.1529":(382,187,62,62)
"1308949097.4209":(389,188,61,61)
"1308949097.6850":(382,193,64,64)
"1308949097.9530":(388,187,58,58)
"1308949098.2209":(385,194,64,64)
"1308949098.4850":(382,195,64,64)
"1308949098.7529":(366,189,64,64)
"1308949099.0210":(372,190,63,63)
"1308949099.2895":(382,188,64,64)
"1308949099.5554":(386,194,63,63)
"1308949099.8209":(377,187,65,65)
"1308949100.0895":(371,190,63,63)
"1308949100.3599":(376,193,64,64)
"1308949100.6209":(382,191,64,64)
"1308949100.8868":(383,193,64,64)
"1308949101.1530":(377,193,62,62)
"1308949101.4251":(376,197,64,64)
"1308949101.6912":(376,193,64,64)
"1308949101.9530":(365,188,64,64)
"1308949102.2210":(373,184,64,64)
"1308949102.4850":(388,189,63,63)
"1308949102.7578":(376,196,64,64)
"1308949103.0209":(378,198,60,60)
"1308949103.2853":(374,185,62,62)
"1308949103.5568":(376,195,64,64)
"1308949103.8210":(385,194,64,64)
"1308949104.0850":(374,197,64,64)
"1308949104.3529":(371,191,65,65)
"1308949104.8851":(-82,2596,804,804) (381,188,64,64)
"1308949105.1530":(372,189,63,63) (-66,164,162,162)
"1308949105.4213":(372,187,64,64) (-57,150,144,144)
"1308949105.6890":(370,196,64,64) (-5,147,134,134)
"1308949105.9529":(378,185,61,61) (17,152,128,128)
"1308949106.2209":(373,185,64,64) (51,136,120,120)
"1308949106.4890":(376,194,62,62) (79,143,110,110)
"1308949106.7529":(373,188,61,61) (87,135,103,103)
"1308949107.0210":(382,193,64,64) (105,135,101,101)
"1308949107.2890":(374,193,64,64) (116,145,97,97)
"1308949107.5529":(373,191,61,61) (145,137,92,92)
"1308949107.8209":(378,195,62,62) (163,139,91,91)
"1308949108.0889":(375,189,63,63) (175,135,88,88)
"1308949108.3578":(381,193,62,62) (185,133,83,83)
"1308949108.6210":(375,186,62,62) (198,139,83,83)
"1308949108.8942":(371,191,63,63) (202,142,78,78)
"1308949109.1554":(374,187,64,64) (201,143,76,76)
"1308949109.4222":(377,191,61,61) (194,148,82,82)
"1308949109.6980":(367,190,64,64) (171,132,84,84)
"1308949109.9529":(377,186,64,64) (154,131,86,86)
"1308949110.2254":(376,191,63,63) (163,148,47,47)
"1308949110.4901":(382,191,64,64) (136,139,92,92)
"1308949110.7539":(376,187,64,64) (130,137,95,95)
"1308949111.0209":(375,194,62,62) (136,140,97,97)
"1308949111.2890":(374,196,62,62) (119,144,97,97)
"1308949111.5612":(377,197,62,62) (110,139,101,101)
"1308949111.8251":(370,202,65,65) (86,145,103,103)
"1308949112.0909":(378,197,64,64) (77,150,106,106)
"1308949112.3529":(380,192,62,62) (83,136,105,105)
"1308949112.6209":(373,198,63,63) (68,146,100,100)
"1308949112.8893":(380,195,60,60) (81,139,107,107)
"1308949113.1534":(381,191,61,61) (80,144,107,107)
"1308949113.4267":(365,189,64,64) (79,142,107,107)
"1308949113.6891":(381,188,62,62) (68,142,107,107)
"1308949113.9615":(384,189,61,61) (68,141,107,107)
"1308949114.2290":(380,188,62,62) (69,144,108,108)
"1308949114.4928":(373,186,61,61) (64,141,109,109)
"1308949114.7572":(381,189,62,62) (54,144,109,109)
"1308949115.0212":(382,188,60,60) (44,147,108,108)
"1308949115.2934":(382,188,61,61) (32,143,107,107)
"1308949115.5569":(384,189,61,61) (30,141,107,107)
"1308949115.8210":(374,186,64,64) (14,144,111,111)
"1308949116.0954":(381,189,62,62) (30,149,114,114)
"1308949116.3630":(378,187,63,63) (23,148,118,118)
"1308949116.6209":(382,187,61,61) (22,145,120,120)
"1308949116.8889":(385,188,64,64) (3,173,127,127)
"1308949117.1624":(382,190,62,62) (-24,149,132,132)
"1308949117.4209":(373,189,64,64)
"1308949117.6889":(377,194,63,63)
"1308949117.9609":(369,197,64,64)
"1308949118.2209":(375,188,62,62)
"1308949118.4889":(376,196,64,64)
"1308949118.7569":(379,186,64,64)
"1308949119.0209":(373,190,64,64)
"1308949119.2889":(382,191,61,61)
"1308949119.5569":(373,188,64,64)
"1308949119.8209":(371,189,63,63)
"1308949120.0889":(376,184,63,63)
"1308949120.3569":(375,190,64,64)
"1308949120.6209":(375,189,63,63)
"1308949120.8889":(369,196,61,61)
"1308949121.1569":(378,190,62,62)
"1308949121.4210":(379,193,64,64)
"1308949121.6889":(382,187,63,63)
"1308949121.9569":(376,186,62,62)
"1308949122.2209":(382,192,61,61)
"1308949122.4890":(377,195,64,64)
"1308949122.7570":(379,196,63,63)
"1308949123.0249":(386,187,61,61)
"1308949123.2890":(381,188,61,61)
"1308949123.5569":(381,188,61,61)
"1308949123.8251":(378,184,62,62)
"1308949124.0890":(379,194,60,60)
"1308949124.3569":(380,195,61,61)
"1308949124.6249":(379,194,61,61)
"1308949124.8889":(379,197,63,63)
"1308949125.1569":(379,189,62,62)
"1308949125.4249":(380,191,60,60)
"1308949125.6889":(381,195,62,62)
"1308949125.9569":(382,190,64,64)
"1308949126.2249":(381,187,61,61)
"1308949126.4889":(378,193,61,61)
"1308949126.7569":(377,188,61,61)
"1308949127.0249":(383,194,61,61)
"1308949127.2890":(373,193,61,61)
"1308949127.5569":(380,201,63,63)
"1308949127.8249":(375,185,63,63)
"1308949128.0889":(369,193,62,62)
"1308949128.3570":(374,189,63,63)
"1308949128.6249":(374,189,64,64)
"1308949128.8890":(368,192,65,65)
"1308949129.1569":(381,188,62,62)
"1308949129.4249":(375,189,63,63)
"1308949129.6889":(366,188,62,62)
"1308949129.9570":(365,186,63,63)
"1308949130.2249":(373,201,61,61)
"1308949130.4890":(376,185,63,63)
"1308949130.7569":(372,188,62,62)
"1308949131.0249":(376,187,64,64)
"1308949131.2890":(379,187,62,62)
"1308949131.5570":(376,195,64,64)
"1308949131.8251":(378,190,65,65)
"1308949132.0929":(377,186,64,64)
"1308949132.3569":(384,190,64,64)
"1308949132.6250":(369,182,65,65)
"1308949132.8929":(373,188,63,63)
"1308949133.1570":(376,196,64,64)
"1308949133.4250":(374,190,62,62)
"1308949133.6930":(377,194,63,63)
"1308949133.9570":(380,197,64,64)
"1308949134.2250":(372,189,64,64)
"1308949134.4931":(384,187,64,64)
"1308949134.7600":(377,197,62,62)
"1308949135.0253":(377,190,62,62)
"1308949135.2929":(375,193,63,63)
"1308949135.5575":(377,195,62,62)
"1308949135.8250":(369,197,62,62)
