"1308948429.6169":(371,168,47,47) (330,155,47,47) (374,197,64,64)
"1308948429.8849":(372,170,49,49) (331,157,49,49) (373,194,63,63)
"1308948430.1489":(370,164,48,48) (331,161,48,48) (374,186,64,64)
"1308948430.4197":(372,164,48,48) (330,159,48,48) (375,189,63,63)
"1308948430.6875":(368,168,48,48) (326,153,48,48) (376,188,62,62)
"1308948430.9519":(370,168,48,48) (329,155,48,48) (372,187,62,62)
"1308948431.2170":(371,168,46,46) (332,157,48,48) (377,184,63,63)
"1308948431.4850":(370,165,48,48) (328,152,48,48) (377,189,63,63)
"1308948431.7488":(375,166,48,48) (335,161,47,47) (380,188,61,61)
"1308948432.0168":(375,172,47,47) (334,156,47,47) (380,198,63,63)
"1308948432.2849":(376,162,47,47) (336,159,47,47) (387,187,62,62)
"1308948432.5493":(368,168,48,48) (332,158,48,48) (378,186,63,63)
"1308948432.8170":(368,168,48,48) (331,153,48,48) (378,184,61,61)
"1308948433.0848":(372,169,48,48) (337,158,47,47) (377,188,63,63)
"1308948433.3529":(374,169,47,47) (335,158,48,48) (379,183,63,63)
"1308948433.6175":(377,166,48,48) (336,154,48,48) (386,187,62,62)
"1308948433.8851":(372,167,48,48) (339,156,47,47) (382,187,62,62)
"1308948434.1551":(381,167,42,42) (339,155,47,47) (384,189,61,61)
"1308948434.4168":(374,166,47,47) (335,157,48,48) (385,185,63,63)
"1308948434.6857":(377,168,45,45) (333,155,48,48) (382,187,61,61)
"1308948434.9530":(376,167,47,47) (336,155,47,47) (384,188,61,61)
"1308948435.2175":(378,168,47,47) (335,157,48,48) (384,187,62,62)
"1308948435.4849":(375,170,47,47) (333,158,47,47) (377,184,62,62)
"1308948435.7533":(379,170,48,48) (334,155,47,47) (382,187,62,62)
"1308948436.0218":(377,164,48,48) (336,154,47,47) (381,190,62,62)
"1308948436.2850":(379,167,42,42) (333,157,48,48) (384,193,61,61)
"1308948436.5536":(381,162,44,44) (338,156,47,47) (379,184,61,61)
"1308948436.8168":(375,169,48,48) (331,159,47,47) (380,191,61,61)
"1308948437.0911":(376,166,47,47) (341,159,39,39) (375,187,61,61)
"1308948437.3536":(378,165,48,48) (336,157,47,47) (380,182,61,61)
"1308948437.6168":(377,165,42,42) (339,152,47,47) (380,184,62,62)
"1308948437.8850":(380,164,44,44) (332,154,47,47) (379,187,62,62)
"1308948438.1528":(380,163,45,45) (337,157,47,47) (372,184,60,60)
"1308948438.4169":(376,168,48,48) (335,156,48,48) (383,187,61,61)
"1308948438.6851":(381,166,47,47) (331,156,47,47) (382,186,61,61)
"1308948438.9536":(385,168,48,48) (333,157,47,47) (377,186,63,63)
"1308948439.2210":(380,169,45,45) (335,156,47,47) (380,187,61,61)
"1308948439.4864":(382,175,48,48) (338,157,47,47) (379,191,60,60)
"1308948439.7540":(374,164,43,43) (333,158,49,49) (376,191,60,60)
"1308948440.0211":(380,165,42,42) (330,153,47,47) (377,189,63,63)
"1308948440.2891":(374,166,42,42) (328,152,48,48) (377,185,61,61)
"1308948440.5528":(374,162,42,42) (334,157,47,47) (372,195,62,62)
"1308948440.8208":(377,164,42,42) (334,150,48,48) (373,184,63,63)
"1308948441.0881":(376,164,48,48) (331,153,48,48) (374,183,63,63)
"1308948441.3563":(377,162,43,43) (331,154,48,48) (370,189,63,63)
"1308948441.6193":(374,161,48,48) (333,153,47,47) (377,192,61,61)
"1308948441.8847":(372,163,48,48) (328,156,48,48) (372,189,63,63)
"1308948442.1547":(369,169,48,48) (328,156,48,48) (373,190,63,63)
"1308948442.4248":(376,165,46,46) (329,162,48,48) (374,191,63,63)
"1308948442.6848":(374,168,48,48) (333,156,48,48) (373,195,62,62)
"1308948442.9528":(368,168,48,48) (330,160,49,49) (372,193,62,62)
"1308948443.2240":(370,169,48,48) (331,161,48,48) (367,189,63,63)
"1308948443.4851":(378,166,44,44) (328,156,48,48) (373,189,63,63)
"1308948443.7551":(-65,351,177,177) (376,168,48,48) (331,156,49,49) (380,195,62,62)
"1308948444.0236":(-56,334,176,176) (372,173,48,48) (331,155,48,48) (376,195,63,63)
"1308948444.2846":(-42,322,165,165) (375,169,43,43) (332,155,48,48) (375,188,63,63)
"1308948444.5560":(-42,315,158,158) (373,169,46,46) (328,156,48,48) (376,186,63,63)
"1308948444.8244":(-36,302,152,152) (372,170,47,47) (329,160,48,48) (380,189,61,61)
"1308948445.0940":(-40,303,151,151) (375,164,48,48) (330,155,48,48) (373,189,62,62)
"1308948445.3527":(-33,303,139,139) (373,169,47,47) (329,155,47,47) (377,195,62,62)
"1308948445.6505":(-10,303,142,142) (369,168,48,48) (329,154,48,48) (377,187,63,63)
"1308948445.9318":(29,299,143,143) (375,166,48,48) (327,156,47,47) (374,190,63,63)
"1308948446.1873":(66,296,149,149) (377,169,45,45) (326,155,48,48) (372,188,62,62)
"1308948446.4557":(72,287,147,147) (373,169,47,47) (331,159,48,48) (380,189,61,61)
"1308948446.7259":(89,280,146,146) (377,168,46,46) (333,155,48,48) (375,193,62,62)
"1308948446.9873":(92,280,143,143) (373,174,48,48) (331,155,48,48) (376,194,63,63)
"1308948447.2529":(94,282,144,144) (370,166,48,48) (329,158,48,48) (373,193,63,63)
"1308948447.5233":(100,294,143,143) (375,167,45,45) (326,156,47,47) (375,189,63,63)
"1308948447.7872":(104,299,145,145) (377,165,46,46) (323,155,48,48) (375,194,62,62)
"1308948448.0555":(89,292,146,146) (375,167,48,48) (333,156,47,47) (373,197,62,62)
"1308948448.3232":(96,299,145,145) (371,171,47,47) (328,159,47,47) (379,194,59,59)
"1308948448.5848":(92,296,149,149) (376,165,48,48) (331,161,47,47) (376,189,61,61)
"1308948448.8554":(93,291,147,147) (376,172,48,48) (331,155,47,47) (380,189,62,62)
"1308948449.1232":(70,293,147,147) (372,168,46,46) (331,156,47,47) (381,188,61,61)
"1308948449.3849":(60,289,149,149) (378,169,48,48) (333,158,48,48) (378,189,61,61)
"1308948449.6528":(61,293,150,150) (377,165,48,48) (335,157,48,48) (374,190,62,62)
"1308948449.9233":(67,296,149,149) (371,166,48,48) (332,157,47,47) (377,187,61,61)
"1308948450.1848":(53,294,151,151) (373,167,46,46) (330,152,47,47) (382,191,61,61)
"1308948450.4528":(69,294,153,153) (375,170,45,45) (333,159,47,47) (375,189,61,61)
"1308948450.7233":(98,290,147,147) (372,164,47,47) (333,159,47,47) (379,189,62,62)
"1308948450.9913":(90,301,146,146) (376,169,48,48) (323,154,48,48) (383,188,63,63)
"1308948451.2531":(139,297,142,142) (379,169,48,48) (327,163,48,48) (378,185,60,60)
"1308948451.5207":(170,301,141,141) (382,168,47,47) (331,154,48,48) (377,196,62,62)
"1308948451.7913":(180,268,144,144) (368,166,47,47) (328,154,47,47) (380,189,60,60)
"1308948452.0528":(151,225,143,143) (377,165,48,48) (330,155,47,47) (380,186,63,63)
"1308948452.3208":(143,171,129,129) (376,163,48,48) (331,158,47,47) (375,195,63,63)
"1308948452.5888":(142,165,128,128) (380,167,42,42) (331,159,47,47) (378,193,62,62)
"1308948452.8528":(158,157,124,124) (377,166,48,48) (330,157,48,48) (375,187,62,62)
"1308948453.1208":(180,149,118,118) (374,165,48,48) (327,149,48,48) (380,187,62,62)
"1308948453.3888":(195,141,112,112) (378,162,47,47) (328,160,48,48) (379,193,61,61)
"1308948453.6530":(194,138,106,106) (379,165,48,48) (333,158,48,48) (382,191,61,61)
"1308948453.9209":(214,141,101,101) (378,169,48,48) (332,160,48,48) (374,194,61,61)
"1308948454.1888":(239,143,94,94) (369,166,48,48) (332,159,48,48) (380,195,61,61)
"1308948454.4528":(258,142,90,90) (374,173,48,48) (340,156,48,48) (384,192,62,62)
"1308948454.7208":(273,142,87,87) (371,165,48,48) (339,159,48,48) (376,194,63,63)
"1308948454.9887":(274,141,80,80) (375,167,48,48) (336,160,48,48) (379,193,61,61)
"1308948455.2530":(281,139,80,80) (377,166,48,48) (336,157,48,48) (380,187,63,63)
"1308948455.5208":(297,136,76,76) (375,171,46,46) (340,157,47,47) (382,195,61,61)
"1308948455.7887":(311,142,76,76) (379,166,47,47) (341,165,48,48) (382,193,62,62)
"1308948456.0528":(317,140,73,73) (376,165,44,44) (378,184,62,62)
"1308948456.3208":(328,142,72,72) (371,168,48,48) (373,190,63,63)
"1308948456.5888":(334,136,70,70) (376,167,48,48) (381,191,63,63)
"1308948456.8530":(329,140,69,69) (378,168,47,47) (380,189,62,62)
"1308948457.1208":(335,133,71,71) (378,169,42,42) (376,194,60,60)
"1308948457.3887":(339,142,73,73) (369,165,48,48) (380,193,62,62)
"1308948457.6536":(336,146,74,74) (378,164,45,45) (375,192,61,61)
"1308948457.9208":(353,137,70,70) (358,171,73,73) (377,193,60,60)
"1308948458.1887":(354,136,77,77) (375,166,48,48) (377,187,62,62)
"1308948458.4529":(367,135,47,47) (376,167,48,48) (381,187,62,62)
"1308948458.7208":(371,132,47,47) (373,167,48,48) (378,187,62,62)
"1308948458.9887":(355,137,72,72) (372,163,48,48) (381,190,62,62)
"1308948459.2528":(355,134,70,70) (361,168,74,74) (374,200,63,63)
"1308948459.5228":(349,138,71,71) (373,191,63,63)
"1308948459.7887":(350,137,71,71) (373,195,63,63)
"1308948460.0568":(356,134,71,71) (374,195,63,63)
"1308948460.3209":(356,137,71,71) (380,194,60,60)
"1308948460.5891":(372,143,74,74) (335,158,48,48)
"1308948460.8568":(372,140,72,72) (334,159,47,47)
"1308948461.1209":(380,133,74,74) (336,156,47,47)
"1308948461.3887":(376,133,74,74) (333,161,47,47)
"1308948461.6568":(379,133,71,71) (333,155,47,47)
"1308948461.9209":(378,138,74,74) (330,159,47,47)
"1308948462.1888":(380,135,71,71) (332,151,48,48)
"1308948462.4570":(381,137,71,71) (331,155,48,48)
"1308948462.7208":(377,134,74,74) (328,157,48,48)
"1308948462.9888":(372,141,72,72) (327,152,47,47)
"1308948463.2570":(376,136,72,72) (328,160,48,48)
"1308948463.5210":(371,139,72,72) (327,158,48,48)
"1308948463.7887":(372,130,69,69) (327,153,46,46)
"1308948464.0568":(365,131,74,74) (331,156,47,47)
"1308948464.3211":(368,140,71,71) (331,157,48,48)
"1308948464.5920":(371,135,70,70) (326,151,48,48)
"1308948464.8568":(381,138,46,46) (325,156,47,47)
"1308948465.1209":(366,132,71,71) (332,157,47,47)
"1308948465.3889":(358,133,70,70) (326,155,48,48)
"1308948465.6580":(359,134,67,67) (328,155,47,47)
"1308948465.9249":(359,142,74,74) (327,159,47,47) (379,196,62,62)
"1308948466.1887":(356,134,73,73) (314,152,64,64) (374,202,61,61)
"1308948466.4587":(355,133,74,74) (324,159,48,48) (375,193,62,62)
"1308948466.7215":(354,137,70,70) (320,157,48,48) (372,194,62,62)
"1308948466.9890":(354,140,76,76) (319,154,48,48) (377,189,61,61)
"1308948467.2567":(357,148,74,74) (308,152,76,76) (374,185,61,61)
"1308948467.5209":(357,148,75,75) (375,170,47,47) (315,151,48,48) (377,192,62,62)
"1308948467.7939":(359,144,76,76) (315,160,66,66) (377,195,62,62)
"1308948468.0603":(352,142,77,77) (315,167,66,66) (375,193,63,63)
"1308948468.3212":(346,151,76,76) (380,197,63,63)
"1308948468.5889":(353,157,75,75) (379,195,63,63)
"1308948468.8608":(354,151,75,75) (382,197,63,63)
"1308948469.1248":(353,145,76,76) (377,189,62,62)
"1308948469.3906":(353,145,76,76) (381,186,61,61)
"1308948469.6570":(366,143,48,48) (378,187,62,62)
"1308948469.9277":(354,143,76,76) (375,201,62,62)
"1308948470.1889":(351,149,76,76) (372,198,63,63)
"1308948470.4630":(357,140,76,76) (374,193,62,62)
"1308948470.7249":(355,147,76,76) (376,189,62,62)
"1308948470.9899":(368,139,47,47) (373,191,61,61)
"1308948471.2570":(348,150,76,76) (375,197,63,63)
"1308948471.5258":(344,145,74,74) (376,193,63,63)
"1308948471.7893":(341,150,72,72) (379,190,62,62)
"1308948472.0569":(348,138,75,75) (382,194,63,63)
"1308948472.3249":(348,139,73,73) (377,193,62,62)
"1308948472.5935":(342,142,73,73) (372,188,63,63)
"1308948472.8572":(339,140,74,74) (371,188,63,63)
"1308948473.1301":(343,141,73,73) (367,196,62,62)
"1308948473.3890":(347,149,75,75) (371,195,60,60)
"1308948473.6569":(346,138,74,74) (373,191,63,63)
"1308948473.9309":(352,139,75,75) (369,197,61,61)
"1308948474.1889":(352,144,71,71) (370,195,60,60)
"1308948474.4603":(357,137,71,71) (365,196,62,62)
"1308948474.7249":(354,139,75,75) (371,193,62,62)
"1308948474.9889":(357,136,75,75) (367,200,61,61)
"1308948475.2625":(355,142,71,71) (366,187,60,60)
"1308948475.5315":(352,141,71,71) (368,199,63,63)
"1308948475.7925":(356,132,71,71) (369,194,60,60)
"1308948476.0688":(349,133,72,72) (369,190,63,63)
"1308948476.3341":(353,136,70,70) (325,160,47,47) (369,196,62,62)
"1308948476.5888":(348,141,70,70) (322,160,48,48) (370,187,60,60)
"1308948476.8604":(356,134,69,69) (323,154,47,47) (370,196,60,60)
"1308948477.1249":(354,135,73,73) (325,163,48,48) (371,189,60,60)
"1308948477.3961":(351,131,70,70) (319,156,48,48) (368,196,60,60)
"1308948477.6568":(352,133,73,73) (324,154,47,47) (370,193,60,60)
"1308948477.9247":(349,128,73,73) (324,159,48,48) (372,197,63,63)
"1308948478.1929":(353,132,73,73) (326,153,48,48) (370,191,61,61)
"1308948478.4740":(347,135,71,71) (324,158,48,48) (368,195,60,60)
"1308948478.7290":(351,135,71,71) (331,157,47,47) (366,196,62,62)
"1308948478.9928":(352,133,71,71) (329,158,48,48) (367,188,63,63)
"1308948479.2606":(351,135,71,71) (329,160,48,48)
"1308948479.5252":(353,133,71,71) (329,158,48,48)
"1308948479.7928":(355,139,70,70) (331,160,47,47)
"1308948480.0604":(358,134,71,71) (332,156,48,48)
"1308948480.3247":(347,131,71,71) (330,160,48,48)
"1308948480.5928":(350,134,71,71) (329,168,48,48)
"1308948480.8621":(355,137,71,71) (329,158,48,48)
"1308948481.1314":(351,134,71,71) (332,158,48,48)
"1308948481.3949":(359,133,71,71) (331,156,47,47)
"1308948481.6603":(356,140,71,71) (329,164,48,48)
"1308948481.9274":(357,136,71,71) (337,161,48,48)
"1308948482.1999":(350,131,71,71) (332,154,48,48)
"1308948482.4595":(354,130,71,71) (328,159,48,48)
"1308948482.7288":(352,135,72,72) (332,153,48,48)
"1308948482.9954":(353,133,70,70) (331,153,48,48)
"1308948483.2595":(354,134,71,71) (337,155,47,47)
"1308948483.5272":(352,139,70,70) (331,153,47,47)
"1308948483.7982":(353,133,71,71) (335,156,47,47)
"1308948484.0569":(351,133,71,71) (332,154,48,48)
"1308948484.3275":(351,132,73,73) (334,158,45,45)
"1308948484.5952":(349,147,71,71) (331,158,48,48)
"1308948484.8568":(357,137,71,71) (332,156,47,47)
"1308948485.1273":(353,132,73,73) (333,153,47,47)
"1308948485.3954":(354,128,72,72) (328,167,47,47)
"1308948485.6568":(352,143,74,74) (333,156,47,47) (369,193,62,62)
"1308948485.9248":(349,137,71,71) (329,153,48,48)
"1308948486.1954":(351,135,71,71) (332,153,48,48)
"1308948486.4632":(360,133,72,72) (330,159,48,48)
"1308948486.7248":(357,133,73,73) (333,155,47,47)
"1308948486.9928":(353,134,70,70) (321,158,66,66)
"1308948487.2632":(356,139,72,72) (330,157,48,48)
"1308948487.5250":(348,130,73,73) (333,157,48,48)
"1308948487.7928":(350,138,75,75) (333,159,48,48)
"1308948488.0608":(350,133,74,74) (328,158,48,48)
"1308948488.3248":(350,131,71,71) (331,156,48,48)
"1308948488.5928":(356,138,72,72) (330,155,47,47)
"1308948488.8608":(348,136,71,71) (333,160,48,48)
"1308948489.1250":(350,134,72,72) (333,156,47,47)
"1308948489.3929":(346,127,71,71) (327,164,48,48)
"1308948489.6610":(348,131,72,72) (332,155,47,47)
"1308948489.9248":(350,140,71,71) (336,154,47,47)
"1308948490.1928":(353,144,71,71) (331,167,41,41) (371,196,62,62)
"1308948490.4608":(348,144,73,73) (335,155,47,47) (373,191,61,61)
"1308948490.7249":(349,143,68,68) (373,188,63,63)
"1308948490.9928":(345,138,71,71) (369,191,59,59)
"1308948491.2608":(347,138,71,71) (370,183,62,62)
"1308948491.5250":(351,135,70,70) (367,192,61,61)
"1308948491.7928":(347,136,71,71) (369,188,63,63)
"1308948492.0608":(348,138,70,70) (366,185,61,61)
"1308948492.3249":(345,139,70,70) (371,191,58,58)
"1308948492.5928":(345,136,70,70) (310,159,66,66) (370,192,61,61)
"1308948492.8607":(345,140,71,71) (317,156,46,46)
"1308948493.1249":(343,133,73,73) (305,162,66,66) (-82,2596,804,804) (371,187,59,59)
"1308948493.3928":(342,135,70,70) (318,155,47,47) (366,187,59,59)
"1308948493.6607":(344,134,71,71) (303,154,68,68) (367,187,60,60)
"1308948493.9251":(339,141,71,71) (321,152,47,47) (367,192,58,58)
"1308948494.1928":(338,132,71,71) (321,156,43,43) (365,188,63,63)
"1308948494.4608":(330,135,75,75) (318,157,47,47)
"1308948494.7273":(337,142,76,76) (320,161,47,47)
"1308948494.9929":(340,139,75,75) (317,153,47,47)
"1308948495.2609":(333,142,75,75) (318,165,48,48)
"1308948495.5288":(335,129,73,73) (317,149,48,48)
"1308948495.7928":(344,136,61,61) (318,159,48,48) (368,183,59,59)
"1308948496.0608":(340,136,61,61) (317,160,48,48) (365,187,59,59)
"1308948496.3287":(333,135,74,74) (305,156,71,71) (362,185,60,60)
"1308948496.5937":(337,132,75,75) (324,151,47,47) (367,193,60,60)
"1308948496.8610":(338,131,74,74) (325,157,48,48) (367,189,61,61)
"1308948497.1288":(338,132,73,73) (318,156,48,48) (368,182,60,60)
"1308948497.3928":(337,132,74,74) (326,153,47,47) (371,184,59,59)
"1308948497.6608":(344,127,71,71) (323,160,48,48) (369,182,58,58)
"1308948497.9288":(331,135,73,73) (320,153,48,48) (366,183,61,61)
"1308948498.1929":(335,135,73,73) (318,152,48,48) (370,187,61,61)
"1308948498.4608":(337,136,72,72) (319,155,48,48) (368,189,61,61)
"1308948498.7289":(340,143,72,72) (320,164,48,48)
"1308948498.9931":(340,135,74,74) (306,151,70,70)
"1308948499.2607":(342,137,73,73) (322,162,47,47)
"1308948499.5300":(344,134,72,72) (306,160,70,70) (372,185,57,57)
"1308948499.7928":(340,132,74,74) (323,158,47,47) (372,187,60,60)
"1308948500.0626":(339,136,71,71) (320,163,48,48) (371,184,61,61)
"1308948500.3289":(348,136,73,73) (324,161,48,48) (370,187,62,62)
"1308948500.5929":(351,128,72,72) (324,164,48,48) (369,185,62,62)
"1308948500.8610":(351,130,73,73) (318,151,48,48) (375,191,63,63)
"1308948501.1288":(351,134,74,74) (324,153,48,48) (368,183,63,63)
"1308948501.3973":(354,139,73,73) (326,151,47,47) (367,184,62,62)
"1308948501.6649":(355,138,73,73) (330,153,48,48) (373,186,63,63)
"1308948501.9289":(345,131,74,74) (323,153,48,48) (372,187,62,62)
"1308948502.1929":(351,132,73,73) (325,154,47,47) (377,188,63,63)
"1308948502.4644":(354,130,73,73) (326,156,48,48) (377,184,62,62)
"1308948502.7301":(353,133,72,72) (328,153,48,48) (379,189,61,61)
"1308948502.9928":(348,129,74,74) (330,158,48,48) (373,180,61,61)
"1308948503.2609":(349,131,74,74) (326,153,48,48) (375,191,63,63)
