"1308610883.3300":(258,140,58,58) (193,152,61,61)
"1308610883.5979":(252,133,58,58) (191,148,62,62)
"1308610883.8660":(262,132,58,58) (194,149,62,62)
"1308610884.1302":(256,129,58,58) (203,156,61,61)
"1308610884.3980":(190,146,61,61)
"1308610884.6660":(257,134,58,58) (197,149,62,62)
"1308610884.9300":(254,135,58,58) (198,149,61,61)
"1308610885.1980":(262,131,58,58) (189,150,62,62)
"1308610885.4659":(256,133,58,58) (195,150,62,62)
"1308610885.9979":(252,131,59,59) (195,151,62,62)
"1308610886.2660":(248,133,57,57) (195,146,62,62)
"1308610886.5300":(248,133,59,59) (196,148,63,63)
"1308610886.7980":(237,136,61,61) (184,152,66,66)
"1308610887.0660":(240,136,62,62) (176,151,65,65)
"1308610887.3300":(248,138,65,65) (184,154,67,67)
"1308610887.5980":(239,143,66,66) (181,158,71,71)
"1308610887.8660":(233,143,70,70) (174,154,76,76)
"1308610888.1301":(229,147,73,73) (165,163,80,80)
"1308610888.3980":(239,141,80,80) (147,167,86,86)
"1308610888.6662":(232,149,85,85) (152,174,89,89)
"1308610888.9300":(217,154,94,94) (145,177,98,98)
"1308610889.2033":(229,158,101,101) (133,187,108,108)
"1308610889.4660":(232,162,111,111) (120,192,115,115)
"1308610889.7340":(225,162,119,119) (114,201,131,131)
"1308610890.0027":(213,168,131,131) (91,215,146,146)
"1308610890.2661":(226,179,147,147) (65,221,166,166)
"1308610890.5340":(251,185,164,164) (53,241,183,183)
"1308610890.7981":(250,191,183,183) (44,263,207,207)
"1308610891.0660":(232,199,205,205) (23,282,228,228)
"1308610891.3375":(215,218,223,223) (-12,301,264,264)
"1308610891.5980":(238,227,251,251) (-56,318,299,299)
"1308610891.8660":(225,245,280,280) (-78,336,299,299)
"1308610892.1342":(253,228,267,267) (-94,337,282,282)
"1308610892.3985":(250,229,275,275) (-77,320,289,289)
"1308610892.6660":(280,233,258,258) (-48,306,285,285)
"1308610892.9380":(261,222,238,238) (-13,294,277,277)
"1308610893.1981":(244,212,219,219) (-6,279,251,251)
"1308610893.4662":(247,206,201,201)
"1308610893.7340":(249,189,181,181) (29,235,196,196)
"1308610894.0020":(244,181,167,167) (81,217,168,168)
"1308610894.2706":(217,186,155,155) (78,216,152,152)
"1308610894.5340":(208,173,138,138) (94,197,133,133)
"1308610894.7981":(217,168,128,128) (111,189,120,120)
"1308610895.0700":(237,155,116,116) (132,182,108,108)
"1308610895.3392":(237,157,105,105) (141,177,99,99)
"1308610895.6013":(226,151,97,97) (146,169,92,92)
"1308610895.8660":(241,147,90,90) (156,168,86,86)
"1308610896.1394":(251,135,82,82) (168,161,78,78)
"1308610896.4039":(236,139,77,77) (174,159,76,76)
"1308610896.6661":(233,139,73,73) (179,150,71,71)
"1308610896.9341":(242,140,69,69) (187,153,67,67)
"1308610897.2067":(244,136,66,66) (200,150,65,65)
"1308610897.4662":(255,143,64,64) (206,151,63,63)
"1308610897.7396":(261,133,62,62) (209,148,60,60)
"1308610898.0043":(279,139,59,59) (227,150,55,55)
"1308610898.2730":(278,133,58,58) (231,151,58,58)
"1308610898.5400":(280,132,55,55) (244,146,57,57)
"1308610898.8402":(289,129,55,55) (246,149,55,55)
"1308610899.1083":(298,133,52,52) (256,148,55,55)
"1308610899.3663":(308,127,51,51) (265,143,53,53) (-46,161,108,108)
"1308610899.6420":(321,130,51,51) (263,146,52,52) (-31,149,97,97)
"1308610899.9061":(330,127,52,52) (260,146,51,51) (-10,135,92,92)
"1308610900.1670":(336,127,53,53) (263,145,50,50) (-10,131,86,86)
"1308610900.4341":(338,128,49,49) (269,142,51,51) (17,134,83,83)
"1308610900.7071":(336,125,51,51) (265,140,51,51) (61,137,79,79)
"1308610900.9678":(337,131,51,51) (269,142,50,50) (104,140,74,74)
"1308610901.2341":(341,125,49,49) (262,139,50,50) (126,140,73,73)
"1308610901.5021":(354,130,51,51) (252,139,65,65) (131,145,70,70)
"1308610901.7660":(352,128,51,51) (262,140,50,50) (138,146,68,68)
"1308610902.0341":(265,141,50,50) (149,140,65,65)
"1308610902.3070":(355,127,51,51) (268,146,50,50) (172,138,61,61)
"1308610902.5704":(350,128,51,51) (260,146,50,50) (181,133,63,63)
"1308610902.8395":(268,144,51,51) (204,130,61,61)
"1308610903.1084":(277,140,52,52) (216,123,61,61)
"1308610903.3660":(343,131,51,51) (272,152,54,54) (210,127,60,60)
"1308610903.6386":(342,127,49,49) (264,150,57,57) (204,131,55,55)
"1308610903.9020":(336,129,50,50) (260,154,60,60) (190,125,66,66)
"1308610904.1660":(330,127,51,51) (254,148,64,64) (190,133,67,67)
"1308610904.4339":(330,134,52,52) (257,157,67,67) (190,128,70,70)
"1308610904.7020":(337,136,52,52) (259,158,71,71) (188,132,73,73)
"1308610904.9659":(337,136,53,53) (248,164,76,76) (179,134,77,77)
"1308610905.2339":(340,136,53,53) (250,166,80,80) (172,135,82,82)
"1308610905.5019":(340,135,52,52) (246,174,86,86) (178,140,87,87)
"1308610905.7684":(355,140,53,53) (243,177,92,92) (162,136,94,94)
"1308610906.0339":(370,138,54,54) (239,177,99,99) (145,143,97,97)
"1308610906.3018":(368,137,55,55) (249,187,109,109) (122,146,105,105)
"1308610906.5683":(372,136,56,56) (233,204,119,119) (117,155,118,118)
"1308610906.8365":(226,205,134,134) (104,157,132,132)
"1308610907.1019":(372,132,55,55) (244,225,147,147) (82,163,148,148)
"1308610907.3699":(368,133,54,54) (248,231,172,172) (37,169,169,169)
"1308610907.6365":(370,133,55,55) (238,255,187,187) (11,172,186,186)
"1308610907.9043":(371,137,53,53) (218,258,222,222) (35,185,203,203)
"1308610908.1699":(364,136,55,55) (223,280,239,239) (24,193,233,233)
"1308610908.4364":(362,135,55,55) (226,292,264,264) (23,195,239,239)
"1308610908.7044":(374,134,53,53) (234,302,282,282) (6,202,284,284)
"1308610908.9779":(228,306,290,290) (8,218,314,314)
"1308610909.2364":(-82,2596,804,804) (360,136,53,53) (253,290,256,256) (5,215,296,296)
"1308610909.5019":(363,139,52,52) (258,288,249,249) (2,203,262,262)
"1308610909.7724":(365,130,54,54) (233,272,227,227) (-12,186,241,241)
"1308610910.0341":(366,137,53,53) (194,251,207,207) (13,183,211,211)
"1308610910.3052":(363,129,52,52) (208,238,191,191) (29,170,184,184)
"1308610910.5723":(362,130,52,52) (225,221,158,158) (77,163,162,162)
"1308610910.8340":(368,132,54,54) (229,209,141,141) (80,159,146,146)
"1308610911.1045":(358,131,54,54) (220,199,128,128) (90,144,130,130)
"1308610911.3699":(364,135,54,54) (227,190,111,111) (127,147,118,118)
"1308610911.6340":(363,131,54,54) (241,174,106,106) (150,141,107,107)
"1308610911.9020":(363,128,54,54) (249,175,80,80) (146,142,97,97)
"1308610912.1724":(363,130,54,54) (233,166,86,86) (150,136,92,92)
"1308610912.4340":(357,130,55,55) (246,168,83,83) (159,135,86,86)
"1308610912.7020":(358,131,53,53) (265,161,43,43) (184,135,80,80)
"1308610912.9699":(363,132,53,53) (253,159,71,71) (184,133,76,76)
"1308610913.2340":(361,130,54,54) (248,155,69,69) (180,129,72,72)
"1308610913.5020":(363,130,54,54) (252,148,66,66) (181,129,69,69)
"1308610913.7699":(363,128,53,53) (262,147,61,61) (193,130,66,66)
"1308610914.0340":(361,130,54,54) (267,149,59,59) (209,128,64,64)
"1308610914.3020":(362,131,54,54) (269,150,60,60) (211,125,62,62)
"1308610914.5700":(361,129,53,53) (273,149,59,59) (225,128,62,62)
"1308610914.8340":(361,128,53,53) (283,152,61,61) (229,125,58,58)
"1308610915.3700":(326,130,59,59) (319,157,50,50) (224,127,58,58)
"1308610915.6340":(318,134,51,51) (342,149,60,60) (224,123,58,58)
"1308610915.9020":(233,126,57,57)
"1308610916.1700":(284,133,52,52) (362,149,62,62) (221,126,58,58)
"1308610916.4379":(265,135,55,55) (369,149,61,61) (211,131,58,58)
"1308610916.7021":(258,133,57,57) (368,146,63,63) (201,128,61,61)
"1308610916.9699":(256,135,58,58) (376,149,62,62) (200,129,63,63)
"1308610917.2380":(255,139,61,61) (375,149,62,62) (197,129,65,65)
"1308610917.5020":(251,140,63,63) (381,150,63,63) (195,125,68,68)
"1308610917.7701":(243,145,66,66) (186,135,73,73)
"1308610918.0381":(238,144,70,70) (171,136,76,76)
"1308610918.3020":(245,145,76,76) (388,156,63,63) (173,136,82,82)
"1308610918.5699":(237,149,81,81) (385,151,62,62) (172,139,86,86)
"1308610918.8379":(234,151,87,87) (388,152,63,63) (168,142,94,94)
"1308610919.1020":(227,156,95,95) (384,149,63,63) (144,146,101,101)
"1308610919.3699":(236,159,101,101) (384,149,64,64) (128,141,107,107)
"1308610919.6379":(213,163,114,114) (385,154,67,67) (123,155,117,117)
"1308610919.9019":(204,167,127,127) (390,149,63,63) (106,155,135,135)
"1308610920.1699":(204,171,139,139) (388,153,63,63) (71,161,156,156)
"1308610920.4379":(234,180,153,153) (396,152,64,64) (28,170,167,167)
"1308610920.7020":(238,188,170,170) (393,151,63,63) (18,173,185,185)
"1308610920.9700":(211,202,191,191) (386,151,63,63) (14,179,209,209)
"1308610921.2379":(208,214,209,209) (385,154,62,62) (7,188,232,232)
"1308610921.5020":(226,226,236,236) (391,151,60,60) (-11,198,254,254)
"1308610921.7700":(232,220,259,259) (386,150,62,62) (-14,205,283,283)
