"1308610802.5259":(236,156,66,66)
"1308610802.7939":(226,156,66,66)
"1308610803.0579":(236,159,66,66)
"1308610803.3289":(235,156,65,65)
"1308610803.5939":(237,158,66,66)
"1308610803.8579":(235,160,66,66)
"1308610804.1259":(239,156,66,66)
"1308610804.3939":(237,150,65,65)
"1308610804.6619":(236,152,66,66)
"1308610804.9301":(228,153,65,65)
"1308610805.4619":(-82,2596,804,804) (245,153,66,66)
"1308610805.7258":(233,153,66,66)
"1308610805.9981":(237,156,65,65)
"1308610806.2661":(240,155,66,66)
"1308610806.5259":(233,152,66,66)
"1308610806.7981":(236,157,66,66)
"1308610807.0619":(234,154,69,69)
"1308610807.3259":(228,157,73,73)
"1308610807.8619":(-82,2596,804,804) (235,165,80,80)
"1308610808.1259":(231,173,86,86)
"1308610808.3939":(223,176,93,93)
"1308610808.6619":(226,187,101,101)
"1308610808.9309":(227,189,109,109)
"1308610809.1939":(216,199,119,119)
"1308610809.4619":(218,208,133,133)
"1308610809.7259":(214,220,149,149)
"1308610809.9939":(225,232,169,169)
"1308610810.2651":(208,247,186,186)
"1308610810.5260":(216,263,209,209)
"1308610810.7944":(221,285,231,231)
"1308610811.0619":(204,294,265,265)
"1308610811.3269":(202,295,278,278)
"1308610811.5940":(209,310,292,292)
"1308610811.8658":(237,322,309,309)
"1308610812.1260":(236,315,326,326)
"1308610812.3941":(268,329,287,287)
"1308610812.6658":(267,313,266,266)
"1308610812.9298":(248,283,230,230)
"1308610813.1976":(216,248,198,198)
"1308610813.4633":(212,229,177,177)
"1308610813.7308":(206,204,149,149)
"1308610814.0006":(205,208,128,128)
"1308610814.2627":(199,189,114,114)
"1308610814.5338":(212,185,103,103)
"1308610814.7939":(226,173,94,94)
"1308610815.0652":(-82,2596,804,804) (222,169,86,86)
"1308610815.3300":(225,159,77,77)
"1308610815.5939":(236,156,72,72)
"1308610815.8661":(248,156,66,66)
"1308610816.1333":(250,151,63,63)
"1308610816.3988":(258,145,60,60)
"1308610816.6670":(278,146,59,59)
"1308610816.9330":(288,144,56,56)
"1308610817.1993":(292,141,52,52)
"1308610817.4675":(286,148,54,54)
"1308610817.7354":(290,145,54,54)
"1308610817.9945":(279,146,55,55)
"1308610818.2684":(299,145,53,53)
"1308610818.5358":(307,146,52,52)
"1308610818.7941":(316,141,52,52)
"1308610819.0665":(316,140,51,51)
"1308610819.3364":(-82,2596,804,804) (314,145,51,51)
"1308610819.5977":(314,145,51,51)
"1308610819.8630":(315,141,51,51)
"1308610820.1299":(304,142,52,52)
"1308610820.3955":(285,142,51,51)
"1308610820.6654":(269,146,50,50)
"1308610820.9338":(250,145,51,51)
"1308610821.2003":(243,147,51,51)
"1308610821.4659":(243,140,50,50)
"1308610821.7303":(241,142,49,49)
"1308610821.9938":(247,140,50,50)
"1308610822.2635":(248,144,50,50)
"1308610822.8014":(515,197,218,218)
"1308610823.0685":(505,208,186,186)
"1308610823.3352":(474,186,157,157)
"1308610823.6021":(463,163,140,140)
"1308610823.8647":(426,168,125,125)
"1308610824.1298":(429,155,113,113)
"1308610824.4016":(403,153,101,101)
"1308610824.6662":(380,153,92,92)
"1308610824.9299":(383,145,84,84)
"1308610825.1978":(379,140,76,76)
"1308610825.4620":(349,138,70,70)
"1308610825.7416":(337,145,65,65)
"1308610826.0034":(317,140,63,63)
"1308610826.2621":(306,135,60,60)
"1308610826.5326":(284,136,58,58)
"1308610826.8050":(271,139,58,58)
"1308610827.0619":(265,138,59,59)
"1308610827.3299":(257,144,63,63)
"1308610827.6042":(251,138,66,66)
"1308610827.8619":(226,138,70,70)
"1308610828.4037":(-82,2596,804,804) (233,138,78,78)
"1308610828.6619":(213,145,81,81)
"1308610828.9299":(207,148,90,90)
"1308610829.1978":(204,155,97,97)
"1308610829.4619":(213,156,107,107)
"1308610829.7301":(196,168,118,118)
"1308610829.9978":(188,168,131,131)
"1308610830.2619":(211,182,145,145)
"1308610830.5299":(225,192,163,163)
"1308610830.7978":(192,215,185,185)
"1308610831.0619":(156,225,208,208)
"1308610831.3299":(160,225,232,232)
"1308610831.5979":(153,228,254,254)
"1308610831.8658":(179,213,238,238)
"1308610832.1299":(179,201,211,211)
"1308610832.3979":(165,198,185,185)
"1308610832.6659":(152,178,161,161)
"1308610832.9299":(164,175,140,140)
"1308610833.1979":(188,164,126,126)
"1308610833.4664":(195,159,113,113)
"1308610833.7299":(198,150,101,101)
"1308610833.9979":(209,155,94,94)
"1308610834.2658":(229,145,83,83)
"1308610834.5299":(231,141,79,79)
"1308610834.7979":(232,139,73,73)
"1308610835.0659":(237,139,68,68)
"1308610835.3299":(255,141,65,65)
"1308610835.5979":(265,138,60,60)
"1308610835.8659":(274,126,57,57)
"1308610836.1299":(294,133,55,55)
"1308610836.3979":(313,133,55,55)
"1308610836.6658":(325,129,54,54)
"1308610836.9299":(342,131,52,52)
"1308610837.1979":(347,130,53,53)
"1308610837.4658":(359,127,53,53)
"1308610837.7299":(360,130,53,53)
"1308610837.9979":(369,132,52,52)
"1308610838.2659":(245,143,50,50)
"1308610838.5348":(374,131,52,52) (246,141,49,49)
"1308610838.7979":(369,130,52,52) (249,140,47,47) (-119,339,315,315)
"1308610839.0659":(-115,264,300,300)
"1308610839.3299":(368,127,51,51) (245,140,46,46) (-69,221,285,285)
"1308610839.5979":(368,127,51,51) (246,141,45,45) (-2,211,247,247)
"1308610839.8659":(367,130,52,52) (247,141,45,45) (47,187,213,213)
"1308610840.1299":(369,131,52,52) (243,146,49,49) (77,176,178,178)
"1308610840.3979":(371,131,50,50) (248,139,46,46) (108,161,158,158)
"1308610840.6658":(372,125,52,52) (244,137,46,46) (150,154,138,138)
"1308610840.9338":(376,128,40,40) (245,140,45,45) (174,157,123,123)
"1308610841.1979":(368,124,52,52) (176,141,110,110)
"1308610841.4659":(371,131,52,52) (193,135,100,100)
"1308610841.7339":(366,133,52,52) (207,139,92,92)
"1308610841.9979":(368,127,51,51) (216,137,86,86)
"1308610842.2659":(373,130,51,51) (200,134,79,79)
"1308610842.5339":(362,123,52,52) (209,129,76,76)
"1308610842.7979":(368,129,52,52) (214,125,72,72)
"1308610843.0659":(227,129,69,69)
"1308610843.3339":(-82,2596,804,804) (368,127,52,52) (229,128,67,67)
"1308610843.5979":(368,124,51,51) (242,129,65,65)
"1308610843.8658":(370,126,52,52) (244,127,63,63)
"1308610844.1339":(367,130,52,52) (229,131,65,65)
"1308610844.3979":(369,129,52,52) (222,131,69,69)
"1308610844.6658":(363,131,51,51) (217,134,70,70)
"1308610844.9339":(363,129,52,52) (226,132,76,76)
"1308610845.1984":(365,128,52,52) (221,132,80,80)
"1308610845.4659":(363,128,50,50) (242,141,48,48) (208,139,86,86)
"1308610845.7339":(369,126,52,52) (245,143,46,46) (185,139,91,91)
"1308610845.9979":(367,128,52,52) (249,137,46,46) (182,143,99,99)
"1308610846.2659":(362,126,52,52) (243,141,48,48) (169,144,108,108)
"1308610846.5339":(371,128,49,49) (247,140,48,48) (150,151,118,118)
"1308610846.7998":(370,132,52,52) (242,138,48,48) (117,156,132,132)
"1308610847.0682":(370,129,52,52) (250,137,49,49) (115,158,142,142)
"1308610847.3339":(371,130,52,52) (247,139,47,47) (111,163,159,159)
"1308610847.5986":(364,125,51,51) (241,142,50,50) (84,171,177,177)
"1308610847.8665":(52,191,200,200)
"1308610848.1353":(29,198,232,232)
"1308610848.3979":(-4,239,268,268)
"1308610848.6659":(366,128,51,51) (-90,299,386,386)
"1308610848.9339":(365,124,51,51)
"1308610849.2024":(367,131,52,52)
"1308610849.4714":(369,130,52,52)
"1308610849.7339":(364,124,52,52)
"1308610850.0034":(369,130,52,52)
"1308610850.2660":(368,127,51,51)
"1308610851.3389":(366,132,52,52)
"1308610851.6019":(356,126,52,52)
"1308610851.8659":(364,128,52,52)
"1308610852.1339":(365,128,52,52)
"1308610852.9339":(361,130,52,52)
"1308610853.2019":(359,128,52,52)
"1308610853.4666":(358,128,51,51)
