"1308949136.0250":(374,189,64,64)
"1308949136.2929":(377,190,64,64)
"1308949136.5570":(374,187,63,63)
"1308949136.8250":(371,195,63,63)
"1308949137.0929":(373,194,62,62)
"1308949137.3571":(381,188,62,62)
"1308949137.6250":(376,188,64,64)
"1308949137.8941":(372,189,63,63)
"1308949138.1569":(371,197,62,62)
"1308949138.4250":(374,190,63,63)
"1308949138.6940":(381,198,61,61)
"1308949138.9572":(378,200,62,62)
"1308949139.2250":(379,190,63,63)
"1308949139.4930":(372,197,63,63)
"1308949139.7570":(377,191,64,64)
"1308949140.0319":(379,194,64,64)
"1308949140.2929":(373,193,63,63)
"1308949140.5624":(380,190,62,62)
"1308949140.8251":(385,189,60,60)
"1308949141.0930":(369,196,62,62)
"1308949141.3610":(376,197,61,61)
"1308949141.6251":(378,188,64,64)
"1308949141.8950":(371,191,63,63)
"1308949142.1610":(379,190,64,64)
"1308949142.4250":(-66,165,167,167) (376,198,64,64)
"1308949142.6931":(-29,162,155,155) (372,188,64,64)
"1308949142.9610":(12,154,145,145) (376,189,65,65)
"1308949143.2312":(57,148,132,132) (382,188,62,62)
"1308949143.4940":(81,150,128,128) (370,190,62,62)
"1308949143.7609":(112,152,122,122) (371,194,63,63)
"1308949144.0285":(135,138,116,116) (380,186,62,62)
"1308949144.2988":(134,141,118,118) (373,189,62,62)
"1308949144.5665":(153,156,111,111) (369,200,62,62)
"1308949144.8321":(155,143,107,107) (374,189,62,62)
"1308949145.0931":(157,145,110,110) (375,185,62,62)
"1308949145.3615":(149,142,110,110) (375,204,62,62)
"1308949145.6308":(153,141,108,108) (374,186,62,62)
"1308949145.8973":(156,138,108,108) (371,194,62,62)
"1308949146.1610":(162,148,108,108) (374,187,64,64)
"1308949146.4293":(155,139,110,110) (382,189,62,62)
"1308949146.6934":(174,143,110,110) (375,188,61,61)
"1308949146.9610":(194,151,109,109) (378,190,62,62)
"1308949147.2375":(222,142,106,106) (375,187,64,64)
"1308949147.4931":(228,148,107,107) (376,193,63,63)
"1308949147.7665":(237,146,107,107) (372,190,62,62)
"1308949148.0306":(242,142,106,106) (374,195,64,64)
"1308949148.2934":(231,141,106,106) (377,194,63,63)
"1308949148.5640":(231,142,107,107) (376,187,62,62)
"1308949148.8333":(228,145,105,105) (-82,2596,804,804)
"1308949149.1034":(219,144,107,107) (375,189,63,63)
"1308949149.3610":(187,151,106,106) (373,194,62,62)
"1308949149.6289":(163,163,107,107) (377,183,63,63)
"1308949149.8929":(122,145,108,108) (375,182,63,63)
"1308949150.1648":(105,149,114,114) (374,188,64,64)
"1308949150.4291":(91,142,121,121) (377,191,61,61)
"1308949150.6929":(69,147,123,123) (375,189,62,62)
"1308949150.9611":(47,154,123,123) (374,196,63,63)
"1308949151.2289":(23,154,125,125) (376,191,63,63)
"1308949151.4929":(-26,147,124,124) (375,196,62,62)
"1308949151.7608":(-46,153,123,123) (374,195,64,64)
"1308949152.0445":(375,189,65,65)
"1308949152.3318":(375,198,63,63)
"1308949152.5930":(373,186,64,64)
"1308949152.8609":(375,190,62,62)
"1308949153.1289":(377,196,64,64)
"1308949153.3930":(380,190,63,63)
"1308949153.6609":(381,189,61,61)
"1308949153.9335":(376,197,63,63)
"1308949154.1929":(372,183,63,63)
"1308949154.4609":(380,189,61,61)
"1308949154.7289":(380,190,62,62)
"1308949154.9933":(-82,2596,804,804) (377,187,64,64)
"1308949155.2609":(376,187,63,63)
"1308949155.5289":(378,186,62,62)
"1308949155.7931":(381,183,61,61)
"1308949156.0609":(-82,2596,804,804) (375,182,63,63)
"1308949156.3289":(377,188,62,62)
"1308949156.5930":(383,189,62,62)
"1308949156.8610":(376,185,63,63)
"1308949157.1289":(380,195,62,62)
"1308949157.3930":(383,192,61,61)
"1308949157.6609":(375,184,64,64)
"1308949157.9289":(377,187,61,61)
"1308949158.1931":(381,188,62,62)
"1308949158.4610":(377,186,61,61)
"1308949158.7289":(380,197,61,61)
"1308949158.9969":(383,194,61,61)
"1308949159.2610":(378,194,63,63)
"1308949159.5293":(379,188,63,63)
"1308949159.7974":(375,185,61,61)
"1308949160.0611":(379,193,63,63)
"1308949160.3290":(380,188,63,63)
"1308949160.5970":(378,195,63,63)
"1308949160.8611":(385,193,61,61)
"1308949161.1313":(382,186,61,61)
"1308949161.3969":(375,188,63,63)
"1308949161.6610":(382,193,62,62)
"1308949161.9290":(372,188,63,63)
"1308949162.1969":(-58,164,182,182) (373,189,62,62)
"1308949162.4610":(0,168,172,172) (382,188,63,63)
"1308949162.7289":(22,149,153,153) (380,195,62,62)
"1308949162.9969":(50,150,148,148) (374,187,61,61)
"1308949163.2609":(83,156,147,147) (376,193,64,64)
"1308949163.5290":(117,151,137,137) (379,188,62,62)
"1308949163.7969":(143,149,133,133) (373,189,63,63)
"1308949164.0610":(165,152,125,125) (376,198,64,64)
"1308949164.3289":(174,142,123,123) (373,186,61,61)
"1308949164.5969":(196,147,120,120) (372,188,62,62)
"1308949164.8610":(201,139,117,117) (376,189,63,63)
"1308949165.1291":(197,144,113,113) (367,187,62,62)
"1308949165.3969":(190,143,116,116) (378,190,63,63)
"1308949165.6611":(158,142,117,117) (377,192,61,61)
"1308949165.9290":(147,146,122,122) (385,186,62,62)
"1308949166.1969":(115,149,126,126) (379,181,63,63)
"1308949166.4611":(110,154,129,129) (375,194,61,61)
"1308949166.7303":(106,152,139,139) (373,193,64,64)
"1308949166.9969":(82,159,150,150) (374,191,64,64)
"1308949167.2650":(67,161,152,152) (378,190,64,64)
"1308949167.5290":(64,161,155,155) (378,183,62,62)
"1308949167.7969":(33,159,159,159) (378,195,61,61)
"1308949168.0690":(11,164,159,159) (367,184,64,64)
"1308949168.3290":(-13,169,157,157) (375,192,61,61)
"1308949168.5969":(-48,174,154,154) (-82,2596,804,804) (366,187,64,64)
"1308949168.8649":(-37,176,161,161) (373,190,62,62)
"1308949169.1290":(-28,178,169,169) (372,187,61,61)
"1308949169.3979":(-37,180,174,174) (371,188,62,62)
"1308949169.6650":(-35,184,165,165) (374,195,64,64)
"1308949169.9290":(-46,177,166,166) (376,190,64,64)
"1308949170.1969":(-58,175,168,168) (373,193,62,62)
"1308949170.4652":(-51,188,166,166) (377,189,62,62)
"1308949170.7293":(-63,185,169,169) (381,193,63,63)
"1308949170.9969":(-75,192,189,189) (377,193,61,61)
"1308949171.2675":(379,196,63,63)
"1308949171.5289":(380,193,61,61)
"1308949171.7970":(376,187,61,61)
"1308949172.0650":(375,189,63,63)
"1308949172.3290":(374,191,63,63)
"1308949172.5971":(377,199,61,61)
"1308949172.8650":(385,188,63,63)
"1308949173.1290":(373,187,62,62)
"1308949173.6650":(-82,2596,804,804) (382,193,61,61)
"1308949173.9291":(377,196,63,63)
"1308949174.2039":(381,188,61,61)
"1308949174.4651":(374,192,62,62)
"1308949174.7301":(383,188,63,63)
"1308949174.9974":(382,186,61,61)
"1308949175.2650":(377,188,63,63)
"1308949175.5290":(379,190,63,63)
"1308949175.7970":(374,194,64,64)
"1308949176.0649":(380,187,63,63)
"1308949176.3333":(377,188,61,61)
"1308949176.8649":(-82,2596,804,804) (379,186,62,62)
"1308949177.1383":(374,189,63,63)
"1308949177.3971":(383,188,62,62)
"1308949177.6652":(385,186,61,61)
"1308949177.9339":(379,187,61,61)
"1308949178.1970":(387,190,63,63)
"1308949178.4651":(381,190,62,62)
"1308949178.7329":(380,186,61,61)
"1308949178.9969":(382,189,63,63)
