"1308867972.5585":(481,203,203,203)
"1308867972.8300":(482,206,198,198)
"1308867973.0943":(480,204,201,201)
"1308867973.3609":(485,212,217,217)
"1308867974.9589":(423,207,211,211)
"1308867975.2305":(376,190,186,186)
"1308867975.4948":(354,179,160,160)
"1308867975.7625":(345,171,141,141)
"1308867976.0268":(316,172,129,129)
"1308867976.2944":(282,160,118,118)
"1308867976.5641":(259,152,105,105)
"1308867976.8264":(255,150,99,99)
"1308867977.3634":(-82,2596,804,804) (226,146,84,84)
"1308867977.6318":(206,139,80,80)
"1308867977.8945":(195,140,75,75)
"1308867978.4317":(-82,2596,804,804) (189,143,68,68)
"1308867978.6979":(178,130,64,64)
"1308867978.9584":(170,134,63,63)
"1308867979.2315":(170,137,58,58)
"1308867979.4991":(166,126,56,56)
"1308867979.7625":(169,127,55,55)
"1308867980.0317":(166,125,55,55)
"1308867980.2979":(154,129,54,54)
"1308867980.5624":(157,127,54,54)
"1308867980.8265":(158,129,55,55)
"1308867981.0978":(171,127,56,56)
"1308867981.3658":(183,132,56,56)
"1308867981.6320":(177,130,60,60)
"1308867981.8980":(180,139,62,62)
"1308867982.1703":(196,137,63,63)
"1308867982.4273":(202,136,65,65)
"1308867982.6944":(207,135,68,68)
"1308867982.9690":(211,145,75,75)
"1308867983.2325":(232,144,77,77)
"1308867983.4947":(239,150,84,84)
"1308867983.7691":(255,164,90,90)
"1308867984.0368":(265,157,99,99)
"1308867984.2973":(282,159,107,107)
"1308867984.5625":(300,164,116,116)
"1308867984.8265":(278,174,128,128)
"1308867985.0992":(236,192,141,141)
"1308867985.3714":(189,196,153,153)
"1308867985.6368":(124,216,175,175)
"1308867985.8998":(25,210,198,198)
"1308867986.1663":(-62,213,205,205)
"1308867991.2303":(5,170,145,145)
"1308867991.4943":(65,165,135,135)
"1308867991.7623":(110,165,123,123)
"1308867992.0302":(154,152,107,107)
"1308867992.2942":(189,150,99,99)
"1308867992.5625":(213,146,93,93)
"1308867992.8303":(220,149,86,86)
"1308867993.0989":(239,143,79,79)
"1308867993.3622":(248,139,73,73)
"1308867993.6305":(252,135,68,68)
"1308867993.8968":(252,141,66,66)
"1308867994.1648":(248,138,64,64)
"1308867994.6967":(-82,2596,804,804) (240,137,57,57)
"1308867994.9648":(230,134,57,57)
"1308867995.2328":(214,134,56,56)
"1308867995.4969":(206,128,57,57)
"1308867995.7648":(203,131,55,55)
"1308867996.0328":(193,131,56,56)
"1308867996.2945":(203,128,56,56)
"1308867996.5647":(200,130,56,56)
"1308867996.8326":(214,130,56,56)
"1308867997.1007":(208,135,59,59)
"1308867997.3648":(205,132,61,61)
"1308867997.6328":(215,145,65,65)
"1308867997.9007":(220,139,68,68)
"1308867998.1623":(215,134,72,72)
"1308867998.4330":(211,139,76,76)
"1308867998.7008":(209,157,82,82)
"1308867998.9623":(212,145,87,87)
"1308867999.2303":(198,147,94,94)
"1308867999.5007":(178,155,101,101)
"1308867999.7623":(132,164,110,110)
"1308868000.0303":(94,170,121,121)
"1308868000.2983":(23,163,131,131)
"1308868000.5623":(-31,176,141,141)
"1308868004.0303":(-38,195,160,160)
"1308868004.2984":(12,178,148,148)
"1308868004.5624":(68,178,131,131)
"1308868004.8304":(110,177,121,121)
"1308868005.0983":(168,162,114,114)
"1308868005.6304":(-82,2596,804,804) (191,149,97,97)
"1308868005.8983":(224,154,88,88)
"1308868006.1663":(244,149,84,84)
"1308868006.4303":(257,150,78,78)
"1308868006.9663":(-82,2596,804,804) (273,143,69,69)
"1308868007.2303":(289,139,66,66)
"1308868007.7664":(-82,2596,804,804) (302,135,60,60)
"1308868008.0304":(309,132,57,57)
"1308868008.2983":(321,133,55,55)
"1308868008.8304":(-82,2596,804,804) (333,129,53,53)
"1308868009.0983":(336,132,55,55)
"1308868009.3663":(333,130,53,53)
"1308868009.6303":(330,142,52,52)
"1308868009.8983":(324,127,53,53)
"1308868010.1663":(318,133,54,54)
"1308868010.4303":(306,128,54,54)
"1308868010.6983":(303,138,55,55)
"1308868010.9663":(302,135,59,59)
"1308868011.2304":(286,136,61,61)
"1308868011.4983":(271,138,65,65)
"1308868011.7666":(257,144,66,66)
"1308868012.0306":(246,144,72,72)
"1308868012.2983":(227,144,76,76)
"1308868012.5663":(-82,2596,804,804) (197,154,81,81)
"1308868012.8304":(166,152,86,86)
"1308868013.0984":(136,157,93,93)
"1308868013.3664":(111,152,99,99)
"1308868013.6326":(62,161,106,106)
"1308868013.8986":(10,159,113,113)
"1308868014.1664":(-25,169,118,118)
"1308868019.2344":(-15,182,142,142)
"1308868019.5045":(43,168,129,129)
"1308868019.7664":(106,167,117,117)
"1308868020.0344":(132,152,107,107)
"1308868020.2983":(162,162,97,97)
"1308868020.5672":(186,148,87,87)
"1308868020.8370":(213,146,84,84)
"1308868021.0983":(226,141,78,78)
"1308868021.3666":(232,145,73,73)
"1308868021.6383":(259,147,68,68)
"1308868021.8984":(270,135,65,65)
"1308868022.1663":(279,131,62,62)
"1308868022.4343":(282,134,58,58)
"1308868022.9665":(-82,2596,804,804) (312,141,55,55)
"1308868023.5024":(-82,2596,804,804) (313,140,54,54)
"1308868023.7664":(309,135,55,55)
"1308868024.0345":(292,134,57,57)
"1308868024.3025":(292,142,59,59)
"1308868024.5666":(281,135,63,63)
"1308868024.8344":(264,141,66,66)
"1308868025.1025":(234,145,72,72)
"1308868025.3665":(217,145,75,75)
"1308868025.6357":(195,159,81,81)
"1308868025.9037":(173,151,89,89)
"1308868026.1663":(128,150,93,93)
"1308868026.4344":(89,153,97,97)
"1308868026.7030":(54,172,109,109)
"1308868026.9664":(3,163,117,117)
"1308868029.6367":(-14,232,303,303)
"1308868029.9050":(13,209,268,268)
"1308868030.1688":(63,198,235,235)
"1308868030.4367":(112,172,206,206)
"1308868030.7023":(127,175,178,178)
"1308868030.9690":(154,162,157,157)
"1308868031.2367":(179,167,145,145)
"1308868031.5047":(189,147,124,124)
"1308868031.7690":(215,146,111,111)
"1308868032.0344":(222,155,103,103)
"1308868032.3048":(233,133,94,94)
"1308868032.5728":(239,135,86,86)
"1308868032.8368":(254,133,82,82)
"1308868033.1047":(255,139,77,77)
"1308868033.3727":(269,132,73,73)
"1308868033.6343":(273,130,69,69)
"1308868033.9050":(277,134,71,71)
"1308868034.1727":(276,131,69,69)
"1308868034.4343":(289,134,69,69)
"1308868034.7023":(287,139,69,69)
"1308868034.9727":(287,139,73,73)
"1308868035.2344":(287,149,76,76)
"1308868035.5023":(301,137,81,81)
"1308868035.7703":(321,138,86,86)
"1308868036.0343":(293,136,92,92)
"1308868036.3023":(315,142,98,98)
"1308868036.5704":(314,144,107,107)
"1308868036.8343":(333,149,118,118)
"1308868037.1024":(353,159,129,129)
"1308868037.3703":(353,185,142,142)
"1308868037.6344":(405,167,156,156)
"1308868037.9023":(459,169,172,172)
"1308868038.1703":(506,188,194,194)
"1308868041.1024":(479,191,208,208)
"1308868041.3703":(402,180,193,193)
"1308868041.9024":(-82,2596,804,804) (293,172,159,159)
"1308868042.1704":(273,162,151,151)
"1308868042.4383":(249,162,132,132)
"1308868042.7023":(214,150,126,126)
"1308868042.9703":(204,143,117,117)
"1308868043.2383":(192,145,108,108)
"1308868043.5024":(187,143,106,106)
"1308868044.0383":(-82,2596,804,804) (154,143,96,96)
"1308868044.3023":(147,139,92,92)
"1308868044.5703":(136,139,92,92)
"1308868044.8384":(112,141,92,92)
"1308868045.1023":(88,153,96,96)
"1308868045.3704":(43,142,102,102)
"1308868045.6384":(1,147,108,108)
"1308868045.9024":(-43,156,117,117)
