"1308868083.2026":(-121,195,249,249)
"1308868083.4704":(-84,189,237,237)
"1308868083.7344":(-30,186,216,216)
"1308868084.0024":(19,175,199,199)
"1308868084.2704":(-37,180,157,157) (75,173,180,180)
"1308868084.5345":(13,171,145,145) (134,165,162,162) (-32,165,117,117)
"1308868084.8074":(51,168,134,134) (161,159,149,149) (5,158,107,107)
"1308868085.0722":(78,159,125,125) (177,154,135,135) (37,159,102,102)
"1308868085.3344":(114,159,116,116) (194,149,123,123) (75,157,98,98)
"1308868085.6044":(146,154,107,107) (224,150,113,113) (96,153,94,94)
"1308868085.8747":(166,153,100,100) (245,143,104,104) (109,153,88,88)
"1308868086.1345":(173,147,94,94) (249,142,97,97) (113,145,85,85)
"1308868086.4069":(186,145,88,88) (249,137,90,90) (130,145,80,80)
"1308868086.6703":(205,144,83,83) (261,135,85,85) (149,144,76,76)
"1308868086.9345":(215,142,78,78) (280,136,81,81) (165,140,72,72)
"1308868087.2023":(221,141,75,75) (286,134,76,76) (170,141,68,68)
"1308868087.4740":(233,138,71,71) (281,133,74,74) (175,138,66,66)
"1308868087.7419":(243,137,67,67) (271,131,73,73) (188,139,64,64)
"1308868088.0066":(247,136,65,65) (267,129,70,70) (202,137,62,62)
"1308868088.2704":(238,135,63,63) (273,131,69,69) (205,134,61,61)
"1308868088.5420":(238,134,62,62) (278,128,66,66) (203,135,61,61)
"1308868088.8082":(242,133,61,61) (280,128,66,66) (194,134,59,59)
"1308868089.0796":(247,134,58,58) (281,129,65,65) (191,134,59,59)
"1308868089.3438":(256,132,58,58) (283,130,65,65) (193,134,58,58)
"1308868089.6029":(266,134,58,58) (288,130,66,66) (193,132,57,57)
"1308868089.8703":(258,134,58,58) (293,130,66,66) (191,133,57,57)
"1308868090.1383":(255,134,59,59) (294,131,66,66) (190,133,58,58)
"1308868090.4054":(249,132,60,60) (291,130,66,66) (187,133,58,58)
"1308868090.6784":(241,136,61,61) (281,129,68,68) (181,136,60,60)
"1308868090.9386":(244,136,64,64) (270,130,70,70) (167,135,62,62)
"1308868091.2060":(242,135,66,66) (268,129,73,73) (164,135,65,65)
"1308868091.4721":(223,138,68,68) (265,132,74,74) (164,137,67,67)
"1308868091.7384":(215,137,71,71) (257,132,76,76) (158,137,69,69)
"1308868092.0031":(207,139,73,73) (251,133,78,78) (143,141,72,72)
"1308868092.2754":(213,140,76,76) (239,135,83,83) (131,141,76,76)
"1308868092.5427":(200,141,79,79) (229,134,86,86) (120,145,79,79)
"1308868092.8025":(177,142,82,82) (222,137,90,90) (115,146,83,83)
"1308868093.0714":(168,144,86,86) (221,139,96,96) (103,147,86,86)
"1308868093.3422":(160,148,88,88) (213,139,101,101) (78,151,93,93)
"1308868093.6024":(158,146,95,95) (199,142,106,106) (48,151,96,96)
"1308868093.8710":(140,150,99,99) (178,143,111,111) (19,157,100,100)
"1308868094.1434":(93,155,105,105) (156,145,118,118) (-5,159,106,106)
"1308868094.4024":(68,153,109,109) (141,149,121,121) (-47,162,110,110)
"1308868094.6753":(40,160,116,116) (118,151,133,133)
"1308868094.9385":(9,160,122,122) (92,151,140,140)
"1308868095.2073":(-40,171,129,129) (60,157,151,151)
"1308868095.4703":(-65,177,137,137) (31,158,159,159)
"1308868095.7434":(8,156,161,161)
"1308868096.0024":(-12,158,159,159)
"1308868096.2736":(-7,161,155,155)
"1308868096.5438":(6,153,150,150)
"1308868096.8064":(12,156,148,148)
"1308868097.0709":(9,157,146,146)
"1308868097.3385":(-2,153,142,142)
"1308868097.6167":(-25,152,140,140)
"1308868097.8811":(-35,156,139,139)
"1308868098.1383":(-32,157,140,140)
"1308868098.4062":(-34,157,140,140)
"1308868098.6754":(-30,154,140,140)
"1308868098.9382":(-20,152,139,139)
"1308868099.2238":(-1,149,138,138)
"1308868099.5131":(18,154,140,140)
"1308868099.7703":(46,152,137,137)
"1308868100.0476":(72,152,129,129)
"1308868100.3110":(95,149,120,120)
"1308868100.5703":(108,144,118,118)
"1308868100.8383":(-21,168,148,148) (131,145,111,111)
"1308868101.1062":(2,163,136,136) (158,142,106,106)
"1308868101.3705":(44,160,130,130) (168,141,101,101)
"1308868101.6383":(80,158,123,123) (183,138,95,95)
"1308868101.9063":(110,156,118,118) (192,134,91,91)
"1308868102.1703":(125,152,110,110) (216,136,87,87) (-63,181,153,153)
"1308868102.4383":(148,154,104,104) (235,136,82,82) (-4,174,139,139)
"1308868102.7063":(177,149,97,97) (256,135,76,76) (39,171,135,135)
"1308868102.9703":(189,147,93,93) (270,135,75,75) (63,171,126,126)
"1308868103.2383":(205,143,86,86) (293,139,70,70) (87,160,118,118)
"1308868103.5063":(221,141,83,83) (303,133,66,66) (107,160,111,111)
"1308868103.7703":(245,144,76,76) (311,129,65,65) (146,158,105,105)
"1308868104.0383":(243,135,74,74) (319,127,63,63) (165,151,99,99)
"1308868104.3063":(251,140,69,69) (318,127,63,63) (174,151,93,93)
"1308868104.5703":(261,133,66,66) (319,127,62,62) (177,145,87,87)
"1308868104.8383":(273,136,63,63) (327,127,61,61) (182,148,82,82)
"1308868105.1063":(277,134,61,61) (330,128,59,59) (198,145,78,78)
"1308868105.3743":(282,132,59,59) (325,123,58,58) (197,141,75,75)
"1308868105.6383":(285,131,59,59) (328,126,56,56) (196,141,71,71)
"1308868105.9063":(284,127,58,58) (323,123,55,55) (191,135,68,68)
"1308868106.1743":(286,130,58,58) (325,123,55,55) (200,139,66,66)
"1308868106.4383":(286,130,57,57) (327,123,55,55) (207,136,66,66)
"1308868106.7063":(280,130,58,58) (327,123,56,56) (210,136,65,65)
"1308868106.9743":(271,136,58,58) (331,121,55,55) (216,137,64,64)
"1308868107.2383":(269,132,57,57) (333,122,57,57) (213,136,65,65)
"1308868107.5063":(277,131,60,60) (336,123,57,57) (209,139,66,66)
"1308868107.7743":(278,136,61,61) (326,124,57,57) (208,139,68,68)
"1308868108.0383":(273,133,62,62) (317,123,57,57) (213,138,72,72)
"1308868108.3063":(254,133,65,65) (307,124,58,58) (210,141,74,74)
"1308868108.5743":(249,136,66,66) (309,129,60,60) (196,146,76,76)
"1308868108.8383":(244,136,69,69) (310,129,63,63) (184,143,81,81)
"1308868109.1063":(237,137,72,72) (301,130,66,66) (170,149,86,86)
"1308868109.3743":(223,141,76,76) (284,129,69,69) (161,151,90,90)
"1308868109.6383":(199,144,80,80) (271,129,73,73) (135,154,97,97)
"1308868109.9063":(185,150,83,83) (268,132,76,76) (92,162,103,103)
"1308868110.1743":(185,146,88,88) (265,130,79,79) (51,155,112,112)
"1308868110.4383":(161,148,95,95) (247,134,84,84) (21,169,118,118)
"1308868110.7063":(123,153,101,101) (230,136,89,89) (-18,169,130,130)
"1308868110.9743":(90,154,108,108) (217,140,96,96) (-68,187,144,144)
"1308868111.2383":(65,160,118,118) (206,141,102,102)
"1308868111.5063":(21,162,128,128) (190,151,110,110)
"1308868111.7743":(-44,169,139,139) (153,149,118,118)
"1308868112.0383":(110,152,128,128)
"1308868112.3063":(79,159,140,140)
"1308868112.5743":(46,172,156,156)
"1308868112.8383":(-20,177,168,168)
"1308868113.1072":(-84,190,191,191)
