"1308767967.0348":(490,285,148,148) (374,168,46,46) (283,128,57,57) (474,245,118,118)
"1308767967.2957":(489,287,149,149) (377,167,46,46) (277,128,59,59) (480,247,118,118)
"1308767967.5637":(487,287,149,149) (376,169,46,46) (282,130,57,57) (472,244,118,118)
"1308767967.8317":(486,292,149,149) (372,170,46,46) (275,130,58,58) (482,246,119,119)
"1308767968.0988":(493,287,148,148) (378,172,46,46) (279,133,58,58) (475,245,118,118)
"1308767968.3637":(492,288,149,149) (375,171,47,47) (275,132,58,58) (476,242,119,119)
"1308767968.6317":(493,288,149,149) (378,170,47,47) (275,134,58,58) (480,243,118,118)
"1308767968.8957":(488,287,149,149) (374,169,46,46) (271,131,57,57) (469,240,119,119)
"1308767969.1637":(494,284,149,149) (370,169,46,46) (277,131,58,58) (471,248,118,118)
"1308767969.4358":(504,290,149,149) (373,169,47,47) (275,133,58,58) (469,242,120,120)
"1308767969.6957":(493,295,149,149) (374,166,47,47) (273,132,57,57) (470,244,118,118)
"1308767969.9637":(488,280,149,149) (378,168,47,47) (278,128,57,57) (475,245,118,118)
"1308767970.2316":(493,295,148,148) (377,175,47,47) (277,132,58,58) (471,244,118,118)
"1308767970.4957":(493,294,148,148) (377,171,48,48) (273,132,57,57) (476,249,118,118)
"1308767970.7667":(491,295,149,149) (377,173,47,47) (281,129,58,58) (476,242,120,120)
"1308767971.0354":(486,300,149,149) (377,168,47,47) (272,130,58,58) (470,243,120,120)
"1308767971.2957":(489,293,149,149) (373,167,47,47) (280,131,59,59) (477,253,119,119)
"1308767971.5637":(503,294,150,150) (378,172,47,47) (282,133,58,58) (470,243,119,119)
"1308767971.8317":(501,290,149,149) (370,169,47,47) (280,135,58,58) (480,246,121,121)
"1308767972.0957":(500,290,151,151) (374,171,47,47) (282,138,58,58) (478,241,117,117)
"1308767972.3642":(497,291,149,149) (373,167,48,48) (286,134,59,59) (474,242,117,117)
"1308767972.6317":(494,287,149,149) (373,168,47,47) (286,135,58,58) (470,245,119,119)
"1308767972.8997":(477,294,149,149) (372,167,45,45) (282,129,57,57) (477,245,118,118)
"1308767973.1637":(498,296,150,150) (373,174,45,45) (280,129,59,59) (478,254,119,119)
"1308767973.4317":(495,290,150,150) (374,171,46,46) (278,137,57,57) (480,251,118,118)
"1308767973.6999":(497,288,149,149) (372,170,47,47) (286,132,57,57) (483,249,120,120)
"1308767973.9637":(505,298,149,149) (369,171,48,48) (279,140,58,58) (478,241,116,116)
"1308767974.2318":(496,291,149,149) (372,173,47,47) (281,133,58,58) (491,243,119,119)
"1308767974.4997":(503,296,150,150) (371,170,48,48) (279,131,58,58) (480,246,119,119)
"1308767974.7669":(489,291,149,149) (371,169,47,47) (276,130,58,58) (474,248,120,120)
"1308767975.0317":(500,287,151,151) (369,167,48,48) (274,130,58,58) (478,243,120,120)
"1308767975.2998":(490,298,149,149) (372,173,48,48) (281,130,57,57) (478,242,119,119)
"1308767975.5638":(506,288,140,140) (375,170,48,48) (277,135,57,57) (484,248,121,121)
"1308767975.8317":(498,298,154,154) (371,168,49,49) (276,130,58,58) (484,246,118,118)
"1308767976.0997":(492,297,154,154) (377,168,50,50) (279,131,59,59) (475,245,122,122)
"1308767976.3684":(496,289,153,153) (380,167,49,49) (277,130,58,58) (472,249,124,124)
"1308767976.6317":(504,296,155,155) (378,173,50,50) (280,129,58,58) (472,252,124,124)
"1308767976.8997":(496,294,154,154) (377,168,48,48) (278,131,58,58) (468,241,124,124)
"1308767977.1701":(496,291,154,154) (377,168,49,49) (277,132,57,57) (472,250,124,124)
"1308767977.4350":(502,289,154,154) (375,172,50,50) (273,133,57,57) (476,245,120,120)
"1308767977.6997":(496,297,154,154) (373,170,50,50) (278,129,58,58) (478,243,122,122)
"1308767977.9638":(491,287,154,154) (371,174,49,49) (276,132,58,58) (478,245,124,124)
"1308767978.2366":(502,291,154,154) (376,170,49,49) (274,129,58,58) (473,247,122,122)
"1308767978.5024":(506,292,151,151) (371,168,49,49) (277,138,57,57) (479,247,123,123)
"1308767978.7637":(498,292,154,154) (375,169,49,49) (272,129,57,57) (478,246,120,120)
"1308767979.0371":(490,286,150,150) (381,166,47,47) (278,132,58,58) (489,243,118,118)
"1308767979.3021":(494,290,153,153) (374,177,48,48) (279,129,57,57) (475,250,120,120)
"1308767979.5637":(494,289,152,152) (377,172,48,48) (279,133,57,57) (482,240,120,120)
"1308767979.8360":(502,293,152,152) (377,168,48,48) (279,136,58,58) (467,250,136,136)
"1308767980.1029":(503,293,153,153) (379,167,47,47) (271,140,58,58) (479,244,123,123)
"1308767980.3678":(497,294,153,153) (375,173,48,48) (279,138,57,57) (479,251,119,119)
"1308767980.6350":(496,286,151,151) (372,174,48,48) (278,130,58,58) (474,256,121,121)
"1308767980.9058":(491,313,152,152) (373,173,48,48) (277,128,58,58) (473,254,120,120)
"1308767981.1647":(509,293,150,150) (368,168,48,48) (278,130,57,57) (474,248,119,119)
"1308767981.4319":(494,290,152,152) (373,167,48,48) (281,135,57,57) (487,249,123,123)
"1308767981.7026":(487,287,152,152) (370,172,48,48) (276,132,58,58) (477,246,119,119)
"1308767981.9729":(503,291,150,150) (367,170,48,48) (285,128,50,50) (484,255,120,120)
"1308767982.2318":(494,290,153,153) (367,169,48,48) (280,134,61,61) (485,247,120,120)
"1308767982.4998":(498,303,151,151) (372,166,48,48) (278,128,58,58) (488,249,119,119)
"1308767982.7677":(505,294,151,151) (375,170,48,48) (281,143,59,59) (483,243,120,120)
"1308767983.0321":(489,302,150,150) (366,162,49,49) (272,133,57,57) (487,250,120,120)
"1308767983.3020":(486,293,151,151) (369,179,49,49) (275,129,57,57) (483,254,119,119)
"1308767983.5733":(494,292,149,149) (365,169,49,49) (274,132,58,58) (469,238,119,119)
"1308767983.8380":(491,295,153,153) (373,173,48,48) (283,134,59,59) (474,247,118,118)
"1308767984.1048":(504,299,153,153) (370,170,48,48) (283,129,58,58) (476,250,122,122)
"1308767984.3700":(499,288,151,151) (373,169,48,48) (276,130,59,59) (475,259,123,123)
"1308767984.6420":(500,301,152,152) (373,170,48,48) (269,133,58,58) (483,259,121,121)
"1308767984.9052":(491,309,154,154) (376,170,47,47) (279,135,57,57) (478,244,120,120)
"1308767985.1678":(499,304,153,153) (376,168,49,49) (275,131,57,57) (484,243,125,125)
"1308767985.4374":(495,292,151,151) (368,163,52,52) (275,132,57,57) (477,257,120,120)
"1308767985.7020":(503,283,151,151) (362,168,48,48) (273,135,57,57) (480,247,118,118)
"1308767985.9677":(505,302,153,153) (371,178,48,48) (270,131,58,58) (469,254,120,120)
"1308767986.2354":(371,168,49,49) (281,137,57,57) (474,251,121,121)
"1308767986.5031":(-82,2596,804,804) (485,294,150,150) (368,175,48,48) (274,129,58,58) (473,259,123,123)
"1308767986.7677":(495,291,151,151) (366,165,49,49) (281,127,59,59) (477,242,123,123)
"1308767987.0375":(505,288,151,151) (376,169,48,48) (282,135,59,59) (484,255,121,121)
"1308767987.3041":(505,294,151,151) (373,166,49,49) (283,135,58,58) (479,246,119,119)
"1308767987.5743":(509,299,153,153) (374,166,48,48) (286,130,57,57) (479,248,115,115)
"1308767987.8317":(508,291,151,151) (375,167,49,49) (273,140,58,58) (464,242,123,123)
"1308767988.1044":(494,293,151,151) (373,169,48,48) (284,135,59,59) (475,240,119,119)
"1308767988.3734":(500,290,151,151) (375,164,49,49) (275,136,59,59) (480,244,122,122)
"1308767988.6333":(498,287,150,150) (372,167,49,49) (278,148,58,58) (478,254,119,119)
"1308767988.9039":(506,289,152,152) (371,167,47,47) (279,127,57,57) (481,245,120,120)
"1308767989.1726":(502,290,150,150) (373,169,49,49) (274,130,58,58) (482,245,121,121)
"1308767989.4351":(493,282,148,148) (369,169,48,48) (276,131,58,58) (487,258,120,120)
"1308767989.7048":(488,296,148,148) (369,170,48,48) (274,130,58,58) (477,252,120,120)
"1308767989.9696":(496,290,150,150) (366,164,50,50) (266,126,58,58) (483,246,123,123)
"1308767990.2332":(505,304,151,151) (368,167,48,48) (269,135,59,59) (484,254,119,119)
"1308767990.5014":(494,283,150,150) (367,156,49,49) (268,128,57,57) (488,244,116,116)
"1308767990.7745":(491,305,151,151) (374,173,49,49) (272,130,58,58) (484,245,118,118)
"1308767991.0357":(479,287,148,148) (367,167,49,49) (271,127,59,59) (484,247,122,122)
"1308767991.3012":(493,286,149,149) (364,166,50,50) (273,129,59,59) (472,261,120,120)
"1308767991.5693":(505,297,153,153) (372,166,48,48) (272,130,59,59) (477,246,121,121)
"1308767991.8373":(504,292,151,151) (363,169,49,49) (273,136,58,58) (480,251,120,120)
"1308767992.1056":(499,282,151,151) (366,168,47,47) (277,132,58,58) (480,249,121,121)
"1308767992.3692":(509,288,149,149) (363,169,48,48) (258,128,58,58) (483,245,121,121)
"1308767992.6372":(498,285,150,150) (373,170,47,47) (278,128,57,57) (481,245,124,124)
"1308767992.9013":(502,291,151,151) (373,167,49,49) (278,131,58,58) (476,251,122,122)
"1308767993.1693":(493,287,151,151) (369,169,48,48) (269,129,58,58) (461,241,119,119)
"1308767993.4372":(489,284,150,150) (368,168,49,49) (275,133,59,59) (461,238,122,122)
"1308767993.6997":(494,296,151,151) (372,171,49,49) (279,131,57,57) (463,244,122,122)
"1308767993.9692":(498,288,152,152) (372,167,49,49) (282,137,57,57) (476,243,123,123)
"1308767994.2372":(493,288,150,150) (372,169,49,49) (275,132,59,59) (487,249,121,121)
"1308767994.4997":(489,290,152,152) (374,170,49,49) (275,137,60,60) (478,246,120,120)
"1308767994.7677":(497,294,148,148) (376,170,49,49) (272,127,59,59) (484,247,120,120)
"1308767995.0374":(498,295,150,150) (370,169,51,51) (276,140,59,59) (483,254,120,120)
"1308767995.2997":(490,286,151,151) (367,168,49,49) (278,130,58,58) (479,243,120,120)
"1308767995.5677":(497,289,152,152) (374,171,48,48) (277,129,57,57) (480,250,116,116)
"1308767995.8357":(507,287,149,149) (374,168,49,49) (278,130,58,58) (482,245,121,121)
"1308767996.0997":(499,298,151,151) (376,170,48,48) (275,128,58,58) (488,246,118,118)
"1308767996.3677":(500,293,151,151) (371,170,48,48) (275,136,58,58) (493,246,120,120)
"1308767996.6362":(498,289,151,151) (372,167,49,49) (270,133,58,58) (506,256,68,68)
"1308767996.8997":(495,289,151,151) (372,171,49,49) (276,129,58,58) (484,245,116,116)
"1308767997.1677":(490,286,150,150) (375,169,49,49) (276,126,57,57) (487,251,124,124)
"1308767997.4357":(498,294,155,155) (370,172,49,49) (269,125,59,59) (484,244,124,124)
"1308767997.6997":(496,284,151,151) (373,173,49,49) (271,125,57,57) (485,247,120,120)
"1308767997.9678":(497,299,149,149) (371,168,49,49) (273,137,58,58) (487,255,120,120)
"1308767998.2357":(507,299,150,150) (370,167,49,49) (272,136,59,59) (487,255,120,120)
"1308767998.4999":(502,288,149,149) (368,172,49,49) (276,131,60,60) (493,242,119,119)
"1308767998.7677":(496,287,152,152) (376,168,49,49) (271,129,57,57) (497,243,119,119)
"1308767999.0357":(495,289,152,152) (373,173,48,48) (270,129,58,58) (492,247,121,121)
"1308767999.2997":(495,287,154,154) (373,168,49,49) (278,126,57,57) (494,244,118,118)
"1308767999.5677":(499,294,151,151) (368,163,49,49) (268,128,57,57) (495,238,118,118)
"1308767999.8356":(499,297,151,151) (375,163,47,47) (274,126,58,58) (492,239,121,121)
"1308768000.1037":(499,293,150,150) (373,166,48,48) (272,127,58,58) (485,242,120,120)
"1308768000.3677":(490,308,152,152) (369,169,49,49) (273,127,58,58) (525,245,67,67)
"1308768000.6356":(500,296,153,153) (373,168,49,49) (274,131,58,58) (488,247,117,117)
"1308768000.9037":(496,298,153,153) (374,167,48,48) (277,130,59,59) (482,243,123,123)
"1308768001.1677":(502,287,153,153) (366,171,49,49) (276,128,59,59) (491,245,117,117)
"1308768001.4357":(501,295,149,149) (374,167,49,49) (278,130,58,58) (480,248,120,120)
"1308768001.7037":(493,300,151,151) (373,171,49,49) (272,125,58,58) (483,243,122,122)
"1308768001.9677":(483,283,152,152) (371,175,49,49) (277,142,58,58) (486,247,119,119)
"1308768002.2357":(499,293,153,153) (369,169,49,49) (273,130,57,57) (478,247,118,118)
"1308768002.5037":(502,294,151,151) (369,169,49,49) (278,130,58,58) (486,252,119,119)
"1308768002.7677":(498,294,151,151) (363,163,57,57) (273,127,58,58) (492,245,120,120)
"1308768003.0357":(496,284,149,149) (369,166,49,49) (268,120,57,57) (493,247,119,119)
"1308768003.3037":(506,289,151,151) (370,163,48,48) (271,126,57,57) (488,244,118,118)
"1308768003.5677":(507,287,152,152) (369,168,49,49) (273,128,58,58) (502,246,69,69)
"1308768003.8357":(486,286,152,152) (373,168,49,49) (270,135,58,58) (484,243,119,119)
"1308768004.1037":(490,291,152,152) (364,172,49,49) (272,128,57,57) (488,247,119,119)
"1308768004.3677":(496,294,151,151) (366,167,54,54) (266,129,58,58) (485,253,121,121)
"1308768004.6357":(497,289,152,152) (366,168,49,49) (270,129,58,58) (489,241,116,116)
"1308768004.9037":(496,289,152,152) (370,171,49,49) (274,131,58,58) (491,246,121,121)
"1308768005.1679":(500,291,152,152) (368,170,48,48) (272,130,58,58) (480,259,118,118)
"1308768005.4357":(482,295,151,151) (369,171,47,47) (273,131,58,58) (479,244,119,119)
"1308768005.7037":(505,292,153,153) (373,166,48,48) (270,130,60,60) (483,239,122,122)
"1308768005.9677":(491,288,152,152) (368,167,48,48) (275,130,57,57) (480,241,121,121)
"1308768006.2357":(507,291,152,152) (366,166,49,49) (271,129,58,58) (487,241,121,121)
"1308768006.5037":(499,293,152,152) (373,171,49,49) (277,130,59,59) (484,247,120,120)
"1308768006.7711":(507,283,152,152) (372,167,49,49) (270,133,58,58) (483,248,120,120)
"1308768007.0357":(500,292,153,153) (371,164,49,49) (269,127,58,58) (482,240,119,119)
"1308768007.3037":(495,288,151,151) (368,166,49,49) (269,126,58,58) (483,237,119,119)
"1308768007.5678":(509,288,152,152) (368,168,49,49) (270,125,57,57) (463,237,118,118)
"1308768007.8357":(501,280,150,150) (369,166,49,49) (271,129,58,58) (472,234,119,119)
"1308768008.1037":(495,285,152,152) (366,166,48,48) (275,130,57,57) (477,238,119,119)
"1308768008.3677":(498,287,152,152) (371,173,49,49) (274,123,58,58) (487,240,117,117)
"1308768008.6357":(497,279,150,150) (373,173,49,49) (270,135,58,58) (485,238,117,117)
"1308768008.9037":(499,282,150,150) (374,177,48,48) (275,128,59,59) (487,239,117,117)
"1308768009.1717":(494,281,152,152) (368,168,49,49) (269,133,59,59) (478,248,119,119)
"1308768009.4357":(499,287,147,147) (366,166,49,49) (275,133,58,58) (476,251,118,118)
"1308768009.7037":(498,292,150,150) (371,168,48,48) (264,127,57,57) (489,242,119,119)
"1308768009.9717":(502,286,147,147) (367,168,49,49) (269,127,58,58) (476,239,119,119)
"1308768010.2380":(501,281,153,153) (369,162,49,49) (272,127,58,58) (489,240,114,114)
"1308768010.5054":(509,288,151,151) (371,163,49,49) (277,126,57,57) (489,231,119,119)
"1308768010.7739":(491,280,153,153) (369,169,48,48) (270,126,58,58) (481,240,120,120)
"1308768011.0368":(491,283,149,149) (372,174,49,49) (269,130,57,57) (479,248,119,119)
"1308768011.3037":(493,285,150,150) (369,172,49,49) (276,131,59,59) (479,252,121,121)
"1308768011.5717":(485,284,150,150) (377,167,49,49) (272,127,58,58) (483,244,119,119)
"1308768011.8369":(490,287,150,150) (376,165,49,49) (269,135,59,59) (480,252,120,120)
"1308768012.1046":(491,283,149,149) (380,166,47,47) (272,146,57,57) (478,236,119,119)
"1308768012.3718":(489,287,149,149) (378,167,46,46) (266,125,58,58) (481,237,118,118)
"1308768012.6357":(488,294,150,150) (370,171,49,49) (265,132,57,57) (477,237,119,119)
"1308768012.9039":(478,297,149,149) (364,164,49,49) (263,130,58,58) (481,238,120,120)
"1308768013.1749":(499,287,151,151) (368,168,49,49) (268,122,58,58) (478,246,119,119)
"1308768013.4358":(501,285,149,149) (371,169,48,48) (275,121,58,58) (477,238,120,120)
"1308768013.7037":(496,284,150,150) (365,168,49,49) (275,128,58,58) (488,246,118,118)
"1308768013.9717":(500,281,151,151) (369,167,49,49) (277,132,59,59) (487,241,120,120)
"1308768014.2357":(493,282,148,148) (366,167,48,48) (271,126,57,57) (491,238,114,114)
"1308768014.5049":(496,279,150,150) (365,168,48,48) (270,130,58,58) (487,239,116,116)
"1308768014.7782":(492,291,150,150) (362,167,48,48) (272,124,58,58) (478,240,135,135)
"1308768015.0365":(492,279,150,150) (368,166,48,48) (273,121,58,58) (480,248,120,120)
"1308768015.3039":(492,282,150,150) (367,163,48,48) (265,123,58,58) (519,239,69,69)
"1308768015.5717":(493,278,152,152) (365,168,48,48) (275,127,57,57) (477,239,118,118)
"1308768015.8357":(496,280,149,149) (364,167,49,49) (269,127,57,57) (471,246,118,118)
"1308768016.1101":(499,282,151,151) (363,165,49,49) (270,135,58,58) (471,232,117,117)
"1308768016.3729":(490,286,152,152) (367,166,48,48) (273,127,58,58) (484,243,116,116)
"1308768016.6357":(492,281,149,149) (373,164,48,48) (269,126,60,60) (471,253,116,116)
"1308768016.9062":(498,282,149,149) (379,164,49,49) (277,124,59,59) (475,245,118,118)
"1308768017.1718":(492,284,149,149) (373,163,48,48) (275,126,58,58) (487,241,119,119)
"1308768017.4406":(496,277,149,149) (372,170,49,49) (273,122,58,58) (487,239,117,117)
"1308768017.7038":(496,283,149,149) (372,166,48,48) (280,128,57,57) (485,240,119,119)
"1308768017.9755":(496,279,151,151) (368,168,48,48) (278,127,57,57) (483,238,118,118)
"1308768018.2443":(492,282,150,150) (370,170,48,48) (279,126,58,58) (487,242,120,120)
"1308768018.5038":(497,283,149,149) (377,166,48,48) (274,129,58,58) (474,237,118,118)
"1308768018.7720":(498,280,151,151) (373,169,48,48) (274,133,58,58) (479,234,119,119)
"1308768019.0398":(496,281,149,149) (378,166,47,47) (272,124,58,58) (482,243,120,120)
"1308768019.3087":(494,285,150,150) (374,165,48,48) (276,129,57,57) (483,236,118,118)
"1308768019.5799":(497,284,150,150) (366,167,48,48) (278,130,57,57) (487,240,117,117)
"1308768019.8460":(494,275,150,150) (370,162,49,49) (280,132,58,58) (486,240,119,119)
"1308768020.1105":(492,282,149,149) (369,165,48,48) (273,125,59,59) (477,245,117,117)
"1308768020.3789":(479,279,149,149) (371,168,47,47) (275,126,58,58) (491,241,117,117)
"1308768020.6404":(498,279,150,150) (376,168,49,49) (277,122,58,58) (476,246,119,119)
"1308768020.9038":(490,281,149,149) (374,167,50,50) (279,130,58,58) (480,238,119,119)
"1308768021.1768":(503,275,148,148) (372,164,52,52) (274,143,58,58) (482,240,120,120)
"1308768021.4409":(503,279,149,149) (373,169,49,49) (277,133,57,57) (485,238,119,119)
"1308768021.7042":(494,286,150,150) (370,164,48,48) (271,128,58,58) (486,240,116,116)
"1308768021.9763":(499,284,149,149) (372,170,48,48) (271,133,57,57) (479,245,119,119)
"1308768022.2445":(498,286,149,149) (373,167,48,48) (278,130,57,57) (487,240,119,119)
"1308768022.5079":(503,282,149,149) (376,177,51,51) (273,137,58,58) (486,236,116,116)
"1308768022.7763":(493,277,148,148) (372,165,48,48) (273,119,57,57) (479,243,119,119)
"1308768023.0436":(491,276,148,148) (374,161,49,49) (277,126,59,59) (483,234,118,118)
"1308768023.3063":(485,289,149,149) (374,168,49,49) (274,128,57,57) (471,230,120,120)
"1308768023.5718":(465,278,149,149) (374,163,48,48) (277,124,58,58) (463,221,117,117)
"1308768023.8396":(495,278,149,149) (376,161,48,48) (262,123,57,57) (462,225,118,118)
"1308768024.1052":(484,279,149,149) (375,164,48,48) (275,126,58,58) (457,229,115,115)
"1308768024.3774":(474,286,149,149) (375,168,49,49) (284,129,45,45) (461,223,116,116)
"1308768024.6398":(484,280,151,151) (377,165,49,49) (277,128,58,58) (456,231,116,116)
"1308768024.9146":(485,281,149,149) (373,167,48,48) (274,128,58,58) (453,224,117,117)
"1308768025.1732":(490,280,151,151) (379,164,48,48) (274,133,57,57) (455,225,117,117)
"1308768025.4397":(480,287,149,149) (376,164,48,48) (273,130,57,57) (456,225,118,118)
"1308768025.7054":(489,281,149,149) (375,166,49,49) (273,141,56,56) (465,230,117,117)
"1308768025.9734":(484,281,145,145) (373,165,48,48) (273,132,59,59) (453,221,119,119)
"1308768026.2412":(487,281,146,146) (372,172,49,49) (272,125,58,58) (457,224,118,118)
"1308768026.5078":(491,285,149,149) (369,170,48,48) (280,125,58,58) (457,224,117,117)
"1308768026.7732":(370,162,48,48) (281,126,57,57) (459,220,117,117)
"1308768027.0450":(-82,2596,804,804) (491,277,150,150) (371,169,47,47) (269,123,58,58) (458,235,118,118)
"1308768027.3123":(481,282,152,152) (371,170,48,48) (271,131,58,58) (453,244,118,118)
"1308768027.5737":(467,284,151,151) (366,170,48,48) (273,130,58,58) (452,223,118,118)
"1308768027.8412":(483,283,148,148) (382,165,48,48) (276,133,57,57) (448,218,118,118)
"1308768028.1092":(488,282,149,149) (369,166,54,54) (261,129,57,57) (452,237,115,115)
"1308768028.3767":(488,282,149,149) (372,163,48,48) (278,130,58,58) (452,218,118,118)
"1308768028.6412":(483,271,149,149) (371,171,49,49) (275,125,58,58) (454,236,118,118)
"1308768028.9128":(372,163,48,48) (268,127,58,58) (448,218,118,118)
"1308768029.1717":(-82,2596,804,804) (483,282,152,152) (370,167,49,49) (269,127,58,58) (448,224,118,118)
"1308768029.4533":(483,278,150,150) (372,167,48,48) (274,125,59,59) (454,220,118,118)
"1308768029.7092":(487,281,152,152) (364,161,49,49) (274,137,58,58) (448,215,117,117)
"1308768029.9721":(503,287,149,149) (367,165,47,47) (262,123,57,57) (450,217,117,117)
"1308768030.2397":(484,281,151,151) (369,162,49,49) (258,132,58,58) (458,216,117,117)
"1308768030.5093":(486,275,149,149) (370,160,48,48) (254,138,60,60) (453,212,117,117)
"1308768030.7717":(489,288,149,149) (366,165,48,48) (255,127,59,59) (445,219,118,118)
"1308768031.0397":(501,282,149,149) (356,167,43,43) (251,130,63,63) (448,220,118,118)
"1308768031.3077":(493,282,151,151) (351,172,48,48) (249,133,62,62) (453,222,117,117)
"1308768031.5718":(501,281,149,149) (343,167,48,48) (241,139,65,65) (452,227,116,116)
"1308768031.8397":(491,286,150,150) (350,167,47,47) (237,134,67,67) (456,216,119,119)
"1308768032.1077":(503,294,149,149) (351,167,46,46) (231,139,72,72) (454,223,119,119)
"1308768032.3717":(496,281,150,150) (351,165,46,46) (219,134,76,76) (455,227,119,119)
"1308768032.6397":(499,280,149,149) (366,172,47,47) (199,138,79,79) (463,231,118,118)
"1308768032.9077":(366,165,47,47) (173,137,85,85) (454,238,119,119)
"1308768033.1720":(-82,2596,804,804) (494,296,148,148) (372,162,48,48) (149,147,91,91) (458,229,122,122)
"1308768033.4397":(491,295,149,149) (364,164,47,47) (118,143,99,99) (466,231,119,119)
"1308768033.7077":(496,282,149,149) (372,163,48,48) (61,151,106,106) (483,236,119,119)
"1308768033.9718":(503,284,150,150) (372,163,47,47) (1,151,114,114) (489,237,118,118)
"1308768034.2397":(489,283,154,154) (374,172,47,47) (-45,162,126,126) (483,244,119,119)
"1308768034.5077":(501,287,148,148) (371,169,46,46) (487,235,119,119)
"1308768034.7718":(491,286,150,150) (372,162,46,46) (474,231,119,119)
"1308768035.0397":(503,285,149,149) (369,161,47,47) (474,223,120,120)
"1308768035.3081":(492,279,149,149) (372,161,46,46) (469,230,119,119)
"1308768035.5757":(500,281,149,149) (366,163,46,46) (470,225,119,119)
"1308768035.8397":(494,281,151,151) (371,162,48,48) (468,228,119,119)
"1308768036.1077":(493,285,149,149) (370,165,46,46) (468,231,119,119)
"1308768036.3757":(492,276,152,152) (367,159,46,46) (480,234,119,119)
"1308768036.6397":(493,278,152,152) (372,166,46,46) (482,241,119,119)
"1308768036.9077":(492,279,150,150) (369,165,47,47) (474,235,118,118)
"1308768037.1757":(500,284,149,149) (370,164,46,46) (482,242,118,118)
"1308768037.4397":(503,286,150,150) (365,161,46,46) (489,239,117,117)
"1308768037.7077":(499,286,150,150) (368,164,46,46) (477,243,119,119)
"1308768037.9756":(499,281,149,149) (370,163,46,46) (483,238,119,119)
"1308768038.2398":(500,280,148,148) (369,161,45,45) (488,235,118,118)
"1308768038.5077":(497,287,149,149) (366,162,46,46) (492,235,118,118)
"1308768038.7758":(500,282,149,149) (365,167,46,46) (492,232,115,115)
"1308768039.0398":(501,287,149,149) (369,164,46,46) (489,237,119,119)
"1308768039.3078":(496,283,149,149) (370,164,47,47) (483,241,118,118)
"1308768039.5757":(500,284,147,147) (370,165,45,45) (478,244,116,116)
"1308768039.8397":(492,286,152,152) (372,164,48,48) (484,242,117,117)
"1308768040.1077":(495,278,149,149) (370,169,46,46) (484,230,117,117)
"1308768040.3757":(493,278,149,149) (369,166,46,46) (478,233,120,120)
"1308768040.6397":(484,281,148,148) (369,163,46,46) (483,233,116,116)
"1308768040.9077":(495,280,151,151) (366,169,46,46) (486,230,118,118)
"1308768041.1757":(497,283,152,152) (363,164,46,46) (484,231,117,117)
"1308768041.4397":(497,279,149,149) (365,163,46,46) (489,235,117,117)
"1308768041.7077":(491,288,151,151) (367,163,46,46) (483,233,118,118)
"1308768041.9757":(507,284,148,148) (370,163,46,46) (471,255,118,118)
"1308768042.2397":(509,288,149,149) (364,157,45,45) (488,232,119,119)
"1308768042.5078":(508,284,150,150) (369,164,46,46) (488,238,117,117)
"1308768042.7757":(511,283,149,149) (369,164,46,46) (488,240,118,118)
"1308768043.0397":(505,290,149,149) (364,162,46,46) (-83,166,181,181) (477,240,119,119)
"1308768043.3077":(504,288,150,150) (371,167,46,46) (-36,159,157,157) (488,243,119,119)
"1308768043.5758":(510,287,149,149) (369,164,47,47) (4,148,142,142) (488,240,119,119)
"1308768043.8397":(512,283,146,146) (364,164,48,48) (63,149,129,129) (480,241,118,118)
"1308768044.1078":(501,281,153,153) (368,162,46,46) (91,137,118,118) (476,233,135,135)
"1308768044.3757":(508,287,151,151) (363,164,47,47) (115,138,110,110) (484,240,119,119)
"1308768044.6437":(505,285,152,152) (369,162,47,47) (130,137,100,100) (484,249,118,118)
"1308768044.9078":(510,282,149,149) (369,160,46,46) (143,136,93,93) (484,255,119,119)
"1308768045.1782":(499,307,153,153) (369,166,46,46) (146,129,87,87) (486,242,118,118)
"1308768045.4437":(510,287,152,152) (365,163,46,46) (153,137,83,83) (473,238,121,121)
"1308768045.7150":(507,287,153,153) (368,162,48,48) (138,131,80,80) (481,239,119,119)
"1308768045.9757":(505,283,153,153) (365,163,47,47) (138,129,77,77) (481,236,121,121)
"1308768046.2463":(501,288,153,153) (361,160,46,46) (146,129,75,75) (474,235,122,122)
"1308768046.5077":(496,286,151,151) (363,160,48,48) (151,130,74,74) (469,235,122,122)
"1308768046.7784":(494,288,153,153) (369,162,45,45) (154,125,71,71) (468,233,120,120)
"1308768047.0437":(496,285,147,147) (367,162,47,47) (151,123,71,71) (464,227,118,118)
"1308768047.3080":(502,285,151,151) (368,165,45,45) (157,126,71,71) (455,231,121,121)
"1308768047.5778":(505,279,149,149) (367,165,46,46) (149,125,71,71) (455,229,118,118)
"1308768047.8437":(495,287,151,151) (368,160,46,46) (147,131,71,71) (467,244,119,119)
"1308768048.1078":(499,283,153,153) (367,165,46,46) (153,122,70,70) (469,247,121,121)
"1308768048.3784":(499,284,153,153) (368,163,46,46) (149,132,71,71) (480,239,120,120)
"1308768048.6470":(506,284,153,153) (364,158,46,46) (141,130,69,69) (488,236,120,120)
"1308768048.9088":(515,283,150,150) (367,158,47,47) (145,128,70,70) (480,238,122,122)
"1308768049.1768":(514,288,149,149) (359,158,47,47) (139,128,67,67) (490,241,119,119)
"1308768049.4464":(501,283,152,152) (359,161,47,47) (150,124,68,68) (499,244,118,118)
"1308768049.7139":(510,290,151,151) (359,165,47,47) (145,127,71,71) (489,242,121,121)
"1308768049.9757":(505,287,149,149) (361,158,46,46) (150,126,68,68) (495,240,120,120)
"1308768050.2483":(509,283,152,152) (361,164,45,45) (155,127,72,72) (490,242,119,119)
"1308768050.5089":(510,292,151,151) (360,164,47,47) (166,129,49,49) (490,239,118,118)
"1308768050.7768":(514,289,149,149) (372,161,46,46) (493,234,119,119)
"1308768051.0490":(502,286,152,152) (375,167,47,47) (147,135,78,78) (488,232,119,119)
"1308768051.3109":(517,292,150,150) (373,166,46,46) (143,128,81,81) (497,248,114,114)
"1308768051.5758":(511,289,152,152) (371,165,46,46) (151,133,85,85) (509,242,113,113)
"1308768051.8442":(506,290,153,153) (372,164,47,47) (156,134,90,90) (506,249,116,116)
"1308768052.1080":(508,282,152,152) (374,160,47,47) (142,133,96,96) (508,244,112,112)
"1308768052.3758":(515,293,151,151) (371,168,46,46) (125,140,103,103) (504,239,120,120)
"1308768052.6463":(507,287,153,153) (370,164,47,47) (109,133,111,111) (498,242,118,118)
"1308768052.9118":(501,284,149,149) (367,171,46,46) (90,145,118,118) (509,245,120,120)
"1308768053.1758":(509,287,150,150) (368,163,47,47) (78,144,132,132) (505,243,119,119)
"1308768053.4438":(515,286,149,149) (369,162,47,47) (58,152,141,141) (506,243,116,116)
"1308768053.7157":(516,293,153,153) (366,167,47,47) (-7,160,158,158) (491,251,120,120)
"1308768053.9831":(504,289,152,152) (365,164,46,46) (-51,172,170,170) (503,241,119,119)
"1308768054.2541":(504,289,152,152) (368,160,46,46) (-80,181,184,184) (510,242,109,109)
"1308768054.5118":(504,294,152,152) (372,166,46,46) (500,248,120,120)
"1308768054.7771":(500,290,151,151) (371,167,46,46) (508,249,115,115)
"1308768055.0438":(507,294,149,149) (367,162,47,47) (503,246,119,119)
"1308768055.3171":(514,285,149,149) (365,169,47,47) (508,244,114,114)
"1308768055.5758":(507,282,149,149) (372,171,45,45) (500,247,122,122)
"1308768055.8438":(502,286,152,152) (364,161,47,47) (496,243,119,119)
"1308768056.1181":(505,291,149,149) (365,164,46,46) (495,241,118,118)
"1308768056.3771":(503,293,152,152) (367,162,46,46) (505,244,121,121)
"1308768056.6505":(495,291,150,150) (369,165,46,46) (498,240,118,118)
"1308768056.9170":(500,289,151,151) (364,164,46,46) (500,249,115,115)
"1308768057.1854":(506,296,146,146) (370,166,46,46) (528,249,68,68)
"1308768057.4481":(503,295,152,152) (373,163,46,46) (501,247,118,118)
"1308768057.7117":(501,291,152,152) (369,164,47,47) (503,239,118,118)
"1308768057.9757":(512,288,150,150) (367,164,46,46) (495,247,113,113)
"1308768058.2487":(503,283,151,151) (362,171,46,46) (508,242,113,113)
"1308768058.5164":(513,283,150,150) (366,167,46,46) (507,237,118,118)
"1308768058.7788":(508,285,149,149) (369,168,46,46) (511,240,118,118)
"1308768059.0474":(507,293,150,150) (368,164,46,46) (509,240,117,117)
"1308768059.3162":(507,293,148,148) (370,171,46,46) (508,241,118,118)
"1308768059.5773":(513,289,150,150) (368,166,46,46) (504,239,117,117)
"1308768059.8488":(502,297,150,150) (372,165,46,46) (501,239,118,118)
"1308768060.1210":(505,283,150,150) (369,170,45,45) (509,246,118,118)
"1308768060.3772":(506,287,149,149) (366,164,45,45) (497,251,118,118)
"1308768060.6489":(502,293,149,149) (366,163,45,45) (505,241,117,117)
"1308768060.9169":(499,287,152,152) (371,163,46,46) (497,255,117,117)
"1308768061.1773":(492,293,152,152) (364,162,46,46) (493,257,118,118)
"1308768061.4454":(500,290,149,149) (365,162,46,46) (496,247,118,118)
"1308768061.7118":(501,286,152,152) (363,165,49,49) (504,246,112,112)
"1308768061.9875":(507,283,147,147) (367,169,47,47) (504,246,113,113)
"1308768062.2452":(503,279,153,153) (370,162,46,46) (503,239,111,111)
"1308768062.5132":(501,287,149,149) (367,164,47,47) (506,241,117,117)
"1308768062.7890":(370,161,47,47) (493,232,135,135)
"1308768063.0453":(-82,2596,804,804) (499,287,152,152) (364,168,47,47) (505,237,118,118)
"1308768063.3132":(369,160,46,46) (502,238,121,121)
"1308768063.5812":(-82,2596,804,804) (362,168,48,48) (500,241,117,117)
"1308768063.8453":(-82,2596,804,804) (360,160,46,46) (502,242,119,119)
"1308768064.1132":(-82,2596,804,804) (508,287,153,153) (367,163,47,47) (493,240,118,118)
"1308768064.3813":(510,285,150,150) (361,158,46,46) (501,237,119,119)
"1308768064.6437":(364,164,47,47) (510,241,119,119)
"1308768064.9134":(-82,2596,804,804) (501,288,151,151) (368,163,46,46) (502,243,120,120)
"1308768065.1812":(504,293,150,150) (367,163,47,47) (505,243,116,116)
"1308768065.4437":(498,283,154,154) (366,165,46,46) (511,245,116,116)
"1308768065.7117":(501,284,151,151) (366,168,46,46) (508,237,118,118)
"1308768065.9812":(504,286,152,152) (363,165,48,48) (499,244,119,119)
"1308768066.2437":(503,294,144,144) (368,170,47,47) (501,243,119,119)
"1308768066.5117":(513,292,147,147) (367,164,47,47) (499,245,120,120)
"1308768066.7837":(511,285,153,153) (363,165,47,47) (505,244,118,118)
"1308768067.0437":(504,289,151,151) (365,168,45,45) (500,249,118,118)
"1308768067.3117":(508,292,150,150) (367,168,45,45) (504,247,116,116)
"1308768067.5797":(523,273,147,147) (369,171,46,46) (506,245,109,109)
"1308768067.8437":(509,292,152,152) (370,168,46,46) (508,247,121,121)
"1308768068.1117":(510,290,149,149) (366,163,46,46) (512,242,118,118)
"1308768068.3797":(515,301,149,149) (372,159,45,45) (506,239,118,118)
"1308768068.6437":(516,296,149,149) (367,164,46,46) (509,242,118,118)
"1308768068.9117":(514,299,150,150) (367,169,46,46) (493,248,137,137)
"1308768069.1797":(515,298,151,151) (362,162,46,46) (499,255,115,115)
"1308768069.4437":(506,297,152,152) (368,166,45,45) (505,241,119,119)
"1308768069.7117":(369,163,47,47) (504,251,118,118)
"1308768069.9797":(-82,2596,804,804) (518,297,149,149) (367,164,45,45) (499,251,118,118)
"1308768070.2437":(511,309,148,148) (366,163,45,45) (501,251,118,118)
"1308768070.5117":(524,299,150,150) (364,163,47,47) (514,257,122,122)
"1308768070.7797":(529,298,149,149) (363,164,46,46) (511,258,117,117)
"1308768071.0477":(525,294,152,152) (365,173,47,47) (517,244,121,121)
"1308768071.3117":(521,308,150,150) (367,163,48,48) (510,259,119,119)
"1308768071.5797":(532,303,152,152) (365,162,47,47) (523,251,119,119)
"1308768071.8477":(523,292,153,153) (365,165,48,48) (519,252,115,115)
"1308768072.1117":(525,298,152,152) (364,163,46,46) (512,251,122,122)
"1308768072.3797":(526,301,152,152) (364,162,46,46) (513,247,119,119)
"1308768072.6477":(512,300,149,149) (364,160,48,48) (510,256,119,119)
"1308768072.9117":(528,300,152,152) (360,161,47,47) (521,245,117,117)
"1308768073.1802":(534,301,153,153) (362,167,46,46) (544,247,68,68)
"1308768073.4477":(523,301,153,153) (368,165,46,46) (505,254,118,118)
"1308768073.7117":(516,291,150,150) (361,162,46,46) (536,242,69,69)
"1308768073.9797":(502,295,149,149) (366,165,46,46) (530,249,67,67)
"1308768074.2477":(505,280,153,153) (359,165,46,46) (510,249,113,113)
"1308768074.5117":(503,283,149,149) (366,167,48,48) (515,246,119,119)
"1308768074.7797":(494,286,152,152) (367,164,46,46) (512,251,112,112)
"1308768075.0477":(511,289,149,149) (366,164,46,46) (501,249,119,119)
"1308768075.3117":(499,285,152,152) (365,167,46,46) (503,251,120,120)
"1308768075.5797":(511,289,148,148) (368,160,46,46) (507,244,119,119)
"1308768075.8477":(508,290,149,149) (365,164,47,47) (506,239,115,115)
"1308768076.1117":(506,289,151,151) (363,157,46,46) (502,242,118,118)
"1308768076.3797":(510,290,149,149) (366,163,47,47) (506,242,118,118)
"1308768076.6477":(500,285,150,150) (366,163,46,46) (505,239,119,119)
"1308768076.9117":(504,285,152,152) (366,164,45,45) (503,245,116,116)
"1308768077.1797":(518,279,150,150) (371,162,45,45) (511,238,116,116)
"1308768077.4477":(502,287,150,150) (365,165,46,46) (502,238,119,119)
"1308768077.7120":(510,294,149,149) (364,162,47,47) (490,254,116,116)
"1308768077.9797":(513,286,149,149) (368,163,46,46) (499,244,114,114)
"1308768078.2477":(508,288,150,150) (364,169,47,47) (498,238,118,118)
"1308768078.5117":(495,294,152,152) (366,159,47,47) (498,244,118,118)
"1308768078.7798":(506,295,149,149) (367,163,47,47) (501,251,120,120)
"1308768079.0478":(362,161,46,46) (508,245,119,119)
"1308768079.3122":(-82,2596,804,804) (360,163,47,47) (490,234,134,134)
"1308768079.5801":(-82,2596,804,804) (509,289,148,148) (364,165,47,47) (504,238,116,116)
"1308768079.8477":(509,287,151,151) (366,163,46,46) (507,242,118,118)
"1308768080.1157":(509,287,149,149) (365,164,46,46) (499,236,119,119)
"1308768080.3798":(512,290,149,149) (360,169,45,45) (510,246,116,116)
"1308768080.6520":(502,286,149,149) (363,158,46,46) (511,232,113,113)
