"1308948544.0232":(375,189,62,62) (327,136,73,73)
"1308948544.3041":(368,187,62,62) (329,137,74,74)
"1308948544.5735":(370,193,61,61) (329,137,73,73)
"1308948544.8336":(370,183,63,63) (335,135,75,75)
"1308948545.1043":(371,182,62,62) (336,139,74,74)
"1308948545.3732":(376,188,62,62) (339,138,72,72)
"1308948545.6351":(372,183,62,62) (339,140,73,73)
"1308948545.9010":(370,180,62,62) (335,138,73,73)
"1308948546.1689":(373,189,61,61) (334,141,73,73)
"1308948546.4374":(370,195,62,62) (336,137,72,72)
"1308948546.7009":(368,180,62,62) (335,147,73,73)
"1308948546.9730":(376,184,62,62) (340,137,70,70)
"1308948547.2390":(374,188,61,61) (333,141,73,73)
"1308948547.5072":(368,185,62,62) (336,136,69,69)
"1308948547.7719":(369,191,61,61) (334,138,74,74)
"1308948548.0328":(371,194,61,61) (339,140,72,72)
"1308948548.3007":(366,188,63,63) (336,139,75,75)
"1308948548.5749":(367,198,61,61) (336,139,72,72)
"1308948548.8368":(365,185,61,61) (329,137,72,72)
"1308948549.1008":(368,181,61,61) (331,139,74,74)
"1308948549.3748":(370,181,61,61) (335,142,72,72)
"1308948549.6370":(369,182,63,63) (333,136,73,73)
"1308948549.9011":(374,184,60,60) (333,138,75,75)
"1308948550.1725":(373,181,63,63) (329,145,73,73)
"1308948550.4370":(370,180,63,63) (338,136,73,73)
"1308948550.7021":(374,179,62,62) (337,144,73,73)
"1308948550.9725":(377,184,62,62) (338,136,73,73)
"1308948551.2431":(375,186,63,63) (335,138,73,73)
"1308948551.5008":(374,186,63,63) (334,147,74,74)
"1308948551.7688":(373,185,61,61) (334,136,75,75)
"1308948552.0368":(375,174,63,63) (338,137,73,73)
"1308948552.3033":(373,180,61,61) (337,140,73,73)
"1308948552.5696":(377,182,62,62) (345,146,74,74)
"1308948552.8368":(368,194,62,62) (348,142,74,74) (326,151,48,48)
"1308948553.1069":(370,184,63,63) (351,134,74,74) (321,151,47,47)
"1308948553.3754":(345,134,74,74) (319,155,48,48)
"1308948553.6367":(348,135,63,63) (318,155,48,48)
"1308948553.9037":(348,141,61,61) (318,160,48,48)
"1308948554.1713":(342,147,73,73) (314,155,48,48)
"1308948554.4392":(340,141,74,74) (314,152,48,48)
"1308948554.7035":(346,135,69,69) (312,155,48,48)
"1308948554.9714":(347,134,71,71) (305,163,70,70)
"1308948555.2392":(369,186,60,60) (345,134,74,74) (313,154,48,48)
"1308948555.5010":(341,137,74,74) (312,157,48,48)
"1308948555.7713":(344,132,62,62) (319,154,48,48)
"1308948556.0469":(341,137,73,73) (306,158,48,48)
"1308948556.3008":(346,132,72,72) (328,153,47,47)
"1308948556.5689":(353,141,71,71) (327,151,48,48)
"1308948556.8395":(347,134,74,74) (318,149,48,48)
"1308948557.1009":(343,132,74,74) (325,153,48,48)
"1308948557.3689":(342,137,74,74) (334,152,48,48)
"1308948557.6393":(348,139,74,74) (324,157,48,48)
"1308948557.9103":(348,133,74,74) (326,155,47,47)
"1308948558.1689":(353,142,74,74) (324,151,48,48)
"1308948558.4368":(352,140,74,74) (326,163,48,48)
"1308948558.7073":(366,131,73,73) (330,152,47,47)
"1308948558.9688":(357,136,74,74) (332,149,48,48)
"1308948559.2368":(362,143,74,74) (325,157,48,48)
"1308948559.5048":(355,138,74,74) (328,152,48,48)
"1308948559.7688":(359,131,74,74) (330,152,48,48)
"1308948560.0368":(358,136,74,74) (325,154,48,48)
"1308948560.3048":(354,136,72,72) (323,153,48,48)
"1308948560.5689":(376,185,58,58) (356,135,75,75) (325,156,48,48)
"1308948560.8368":(371,186,59,59) (357,136,74,74) (323,148,48,48)
"1308948561.1048":(374,187,60,60) (355,134,74,74) (329,150,47,47)
"1308948561.3688":(372,186,61,61) (366,135,73,73) (324,154,48,48)
"1308948561.6369":(371,186,60,60) (362,138,73,73) (331,150,48,48)
"1308948561.9048":(373,186,61,61) (362,134,73,73) (325,155,48,48)
"1308948562.1689":(373,188,61,61) (362,138,74,74) (330,159,48,48)
"1308948562.4369":(379,189,62,62) (354,134,74,74) (331,157,47,47)
"1308948562.7048":(384,186,59,59) (362,135,74,74) (328,156,48,48)
"1308948563.2368":(343,132,74,74) (-82,2596,804,804)
"1308948563.5048":(352,133,62,62) (317,153,47,47)
"1308948563.7691":(361,134,71,71) (318,159,48,48)
"1308948564.0369":(368,186,62,62) (360,136,74,74) (328,162,48,48)
"1308948564.3048":(376,177,60,60) (352,133,75,75) (324,154,47,47)
"1308948564.5689":(365,182,61,61) (340,131,74,74) (329,158,47,47)
"1308948564.8375":(372,185,61,61) (335,128,72,72)
"1308948565.1048":(369,184,60,60) (330,135,73,73)
"1308948565.3720":(373,168,45,45) (371,188,60,60) (329,134,73,73)
"1308948565.6369":(364,194,61,61) (331,135,71,71)
"1308948565.9050":(363,177,61,61) (326,139,74,74)
"1308948566.1690":(371,165,48,48) (371,186,61,61) (325,139,74,74)
"1308948566.4368":(374,164,43,43) (369,185,61,61) (330,139,74,74)
"1308948566.7048":(376,169,48,48) (373,188,61,61) (336,134,71,71)
"1308948566.9729":(376,167,48,48) (374,186,62,62) (330,132,72,72)
"1308948567.2368":(374,165,46,46) (369,190,62,62) (334,131,72,72)
"1308948567.5049":(380,163,47,47) (370,185,62,62) (333,131,72,72)
"1308948567.7728":(372,168,43,43) (372,184,61,61) (340,138,74,74)
"1308948568.0370":(375,164,44,44) (373,185,61,61) (333,136,71,71)
"1308948568.3048":(377,167,44,44) (373,184,61,61) (338,132,73,73)
"1308948568.5728":(379,163,43,43) (371,192,61,61) (340,134,72,72)
"1308948568.8369":(380,166,44,44) (365,186,62,62) (340,134,73,73)
"1308948569.1050":(378,168,42,42) (373,186,61,61) (339,134,73,73)
"1308948569.3729":(378,169,47,47) (372,185,62,62) (335,137,73,73)
"1308948569.6369":(379,165,42,42) (372,184,60,60) (337,132,72,72)
"1308948569.9049":(381,170,42,42) (368,186,62,62) (334,133,70,70)
"1308948570.1729":(371,167,44,44) (373,185,62,62) (335,131,73,73)
"1308948570.4370":(373,186,62,62) (332,133,72,72)
"1308948570.7049":(367,184,62,62) (331,133,74,74)
"1308948570.9730":(368,189,62,62) (331,136,70,70)
"1308948571.2368":(366,181,62,62) (333,133,72,72)
"1308948571.5050":(372,183,61,61) (333,136,74,74)
"1308948571.7729":(369,184,61,61) (329,139,75,75)
"1308948572.0382":(365,185,62,62) (329,135,72,72)
"1308948572.3050":(367,187,61,61) (329,133,73,73)
"1308948572.5729":(376,184,61,61) (330,133,72,72)
"1308948572.8369":(373,191,61,61) (330,135,71,71)
"1308948573.1049":(373,184,61,61) (333,133,71,71)
"1308948573.3733":(378,188,48,48) (333,137,71,71)
"1308948573.6369":(371,182,61,61) (331,135,72,72)
"1308948573.9062":(368,187,61,61) (334,133,71,71)
"1308948574.1729":(365,188,62,62) (333,136,73,73)
"1308948574.4381":(371,184,60,60) (329,135,72,72)
"1308948574.7074":(374,185,62,62) (331,135,71,71)
"1308948574.9756":(372,185,61,61) (330,134,73,73)
"1308948575.2408":(376,182,61,61) (327,133,71,71)
"1308948575.5110":(373,184,62,62) (330,135,73,73)
"1308948575.7765":(376,189,62,62) (332,132,70,70)
"1308948576.0463":(375,184,60,60) (322,130,72,72)
"1308948576.3124":(372,183,75,75) (324,131,70,70)
"1308948576.5785":(377,186,60,60) (329,133,72,72)
"1308948576.8408":(377,181,62,62) (326,134,71,71)
"1308948577.1049":(379,184,61,61) (326,134,70,70)
"1308948577.3729":(376,189,62,62) (330,135,72,72)
"1308948577.6500":(378,186,60,60) (331,134,70,70)
"1308948577.9140":(373,184,62,62) (335,132,72,72)
"1308948578.1729":(371,189,62,62) (327,131,70,70)
"1308948578.4414":(375,183,62,62) (327,132,72,72)
"1308948578.7126":(356,176,80,80) (344,132,47,47)
"1308948578.9737":(376,181,62,62) (325,132,70,70)
"1308948579.2435":(371,185,60,60) (330,134,73,73)
"1308948579.5130":(373,187,62,62) (323,137,73,73)
"1308948579.7787":(377,188,62,62) (329,136,73,73)
"1308948580.0499":(375,183,62,62) (326,131,73,73)
"1308948580.3102":(372,193,62,62) (326,131,72,72)
"1308948580.5744":(372,182,62,62) (327,139,74,74)
"1308948580.8459":(375,183,62,62) (327,136,73,73)
"1308948581.1050":(372,181,61,61) (329,139,72,72)
"1308948581.3738":(373,182,61,61) (328,135,75,75)
"1308948581.6484":(371,185,60,60) (329,133,73,73)
"1308948581.9048":(374,186,62,62) (329,140,73,73)
"1308948582.1730":(372,190,62,62) (329,137,73,73)
"1308948582.4410":(376,184,61,61) (331,135,73,73)
"1308948582.7049":(374,187,62,62) (334,139,71,71)
"1308948582.9731":(376,182,61,61) (332,135,73,73)
"1308948583.2420":(376,183,62,62) (331,143,71,71)
"1308948583.5095":(374,185,60,60) (334,132,73,73)
"1308948583.7781":(371,186,60,60) (331,132,74,74)
"1308948584.0511":(366,182,62,62) (335,136,71,71)
"1308948584.3088":(367,189,62,62) (332,138,73,73)
"1308948584.5728":(370,193,61,61) (328,141,74,74)
"1308948584.8408":(377,166,47,47)
"1308948585.1091":(369,184,61,61) (330,135,73,73)
"1308948585.3764":(373,187,61,61) (336,137,73,73)
"1308948585.6408":(368,188,60,60) (330,134,73,73)
"1308948585.9203":(370,193,61,61) (328,145,71,71)
"1308948586.1761":(372,187,60,60) (329,138,72,72)
"1308948586.4409":(368,184,61,61) (330,139,74,74)
"1308948586.7146":(369,192,60,60) (333,133,74,74)
"1308948586.9734":(368,182,61,61) (327,133,71,71)
"1308948587.2483":(368,181,62,62) (329,137,73,73)
"1308948587.5089":(371,180,61,61) (329,134,73,73)
"1308948587.7754":(367,190,62,62) (329,136,73,73)
"1308948588.0500":(364,187,59,59) (330,135,73,73)
"1308948588.3087":(369,184,62,62) (330,137,73,73)
"1308948588.5753":(368,187,60,60) (329,135,69,69)
"1308948588.8433":(366,185,61,61) (329,135,73,73)
"1308948589.1163":(371,186,61,61) (329,135,74,74)
"1308948589.3755":(370,184,60,60) (332,138,74,74)
"1308948589.6434":(368,192,60,60) (328,135,73,73)
"1308948589.9129":(363,186,60,60) (329,135,72,72)
"1308948590.1765":(366,187,60,60) (327,132,74,74)
"1308948590.4433":(363,187,61,61) (327,134,73,73)
"1308948590.7113":(366,187,61,61) (324,144,74,74)
"1308948590.9754":(366,182,62,62) (328,138,71,71)
"1308948591.2440":(372,186,62,62) (324,137,74,74)
"1308948591.5115":(368,182,61,61) (327,159,73,73)
"1308948591.7729":(369,182,60,60) (325,141,74,74)
"1308948592.0433":(369,179,60,60) (326,149,73,73)
"1308948592.3113":(373,184,61,61) (330,132,73,73)
"1308948592.5728":(368,180,62,62) (316,133,75,75)
"1308948592.8411":(366,184,61,61) (335,139,46,46)
"1308948593.1118":(367,183,63,63) (327,133,75,75)
"1308948593.3825":(367,180,61,61) (327,140,59,59)
"1308948593.6412":(359,189,62,62) (323,137,74,74)
"1308948593.9091":(362,188,62,62) (322,136,74,74)
"1308948594.1794":(357,188,61,61) (321,137,75,75)
"1308948594.4408":(359,189,60,60) (318,135,75,75)
"1308948594.7088":(361,199,61,61) (322,137,75,75)
"1308948594.9768":(369,192,62,62) (324,143,75,75)
"1308948595.2408":(369,195,62,62) (322,150,74,74)
"1308948595.5099":(366,186,62,62) (335,129,73,73)
"1308948595.7768":(372,199,61,61) (325,135,72,72)
"1308948596.0408":(367,184,63,63) (327,135,74,74)
"1308948596.3088":(376,184,61,61) (325,132,74,74)
"1308948596.5768":(377,187,61,61) (330,135,72,72)
"1308948596.8410":(370,185,61,61) (324,131,73,73)
"1308948597.1092":(370,184,62,62) (329,133,71,71)
"1308948597.3768":(378,186,61,61) (327,133,74,74)
"1308948597.6408":(369,193,62,62) (327,139,73,73)
"1308948597.9089":(374,189,62,62) (329,128,74,74)
"1308948598.1768":(370,182,63,63) (327,134,73,73)
"1308948598.4409":(373,187,62,62) (328,134,74,74)
"1308948598.7107":(367,182,61,61) (332,131,73,73)
"1308948598.9768":(375,183,61,61) (327,130,73,73)
"1308948599.2408":(373,187,62,62) (333,136,70,70)
"1308948599.5091":(371,189,60,60) (333,151,71,71)
"1308948599.7768":(373,186,61,61) (327,129,70,70)
"1308948600.0408":(369,195,61,61) (334,138,70,70)
"1308948600.3088":(371,179,62,62) (333,130,71,71)
"1308948600.5768":(373,183,61,61) (321,134,74,74)
"1308948600.8411":(374,181,60,60) (329,134,74,74)
"1308948601.1088":(373,184,61,61) (328,137,74,74)
"1308948601.3768":(366,192,62,62) (332,137,73,73)
"1308948601.6408":(377,178,61,61) (340,135,73,73)
"1308948601.9088":(375,182,60,60) (325,138,71,71)
"1308948602.1768":(374,184,61,61) (341,134,71,71)
"1308948602.4448":(371,177,61,61) (327,142,72,72)
"1308948602.7090":(378,185,61,61) (328,130,73,73)
"1308948602.9768":(381,187,60,60) (328,133,70,70)
"1308948603.2448":(376,180,63,63) (321,134,74,74)
"1308948603.5091":(379,187,62,62) (324,133,74,74)
"1308948603.7768":(382,184,63,63) (330,138,72,72)
"1308948604.0448":(379,182,62,62) (328,141,74,74)
"1308948604.3089":(377,184,62,62) (326,131,73,73)
"1308948604.5768":(374,185,63,63) (321,137,74,74)
"1308948604.8448":(376,189,60,60) (315,132,70,70)
"1308948605.1102":(374,191,60,60) (308,128,70,70)
"1308948605.3769":(370,184,62,62) (305,141,70,70)
"1308948605.6449":(371,185,62,62) (305,129,70,70)
"1308948605.9089":(374,190,63,63) (300,130,70,70)
"1308948606.1769":(372,188,63,63) (304,138,72,72)
"1308948606.4450":(372,185,63,63) (313,136,74,74)
"1308948606.7090":(370,187,63,63) (317,137,75,75)
"1308948606.9795":(372,189,60,60) (323,132,72,72)
"1308948607.2447":(370,180,61,61) (322,130,71,71)
"1308948607.5089":(366,186,62,62) (326,132,73,73)
"1308948607.7799":(377,177,62,62) (331,134,72,72)
"1308948608.0451":(369,188,61,61) (327,143,76,76)
"1308948608.3090":(372,187,60,60) (326,135,70,70)
"1308948608.5769":(373,182,61,61) (323,133,71,71)
"1308948608.8450":(376,187,62,62) (319,131,71,71)
"1308948609.1089":(370,185,63,63) (325,141,71,71)
"1308948609.3800":(374,185,60,60) (320,134,74,74)
"1308948609.6459":(377,186,62,62) (320,129,70,70)
"1308948609.9090":(368,182,62,62) (319,131,70,70)
"1308948610.1769":(373,189,62,62) (325,136,71,71)
"1308948610.4449":(372,181,62,62) (326,130,71,71)
"1308948610.7129":(374,186,60,60) (318,140,76,76)
"1308948610.9780":(370,182,61,61) (322,132,76,76)
"1308948611.2449":(369,183,62,62) (320,130,75,75)
"1308948611.5147":(365,182,62,62) (320,131,75,75)
"1308948611.7771":(364,194,61,61) (321,131,74,74)
"1308948612.0482":(363,185,60,60) (323,127,74,74)
"1308948612.3130":(366,182,61,61) (321,133,73,73)
"1308948612.5816":(372,181,62,62) (322,136,73,73)
"1308948612.8449":(373,187,62,62) (321,132,70,70)
"1308948613.1132":(372,181,62,62) (321,138,75,75)
"1308948613.3814":(366,186,61,61) (311,133,75,75)
"1308948613.6450":(369,182,60,60) (315,133,73,73)
"1308948613.9230":(369,187,60,60) (317,134,72,72)
"1308948614.1827":(370,185,62,62) (321,132,72,72)
"1308948614.4476":(369,184,61,61) (316,129,71,71)
"1308948614.7202":(366,182,62,62) (321,132,70,70)
"1308948614.9771":(355,182,81,81) (325,137,73,73)
"1308948615.2450":(359,187,62,62) (320,134,74,74)
"1308948615.5128":(366,183,62,62) (320,129,76,76)
"1308948615.7768":(365,180,62,62) (322,139,66,66)
"1308948616.0515":(370,184,62,62) (328,131,70,70)
"1308948616.3179":(377,183,60,60) (324,134,72,72)
"1308948616.5818":(370,186,62,62) (331,140,69,69)
"1308948616.8481":(368,182,62,62) (330,132,71,71)
"1308948617.1201":(368,189,60,60) (327,138,70,70)
"1308948617.3773":(371,183,62,62) (323,133,71,71)
"1308948617.6507":(373,182,60,60) (322,145,72,72)
"1308948617.9184":(371,182,62,62) (329,136,68,68)
"1308948618.1812":(370,186,60,60) (329,137,73,73)
"1308948618.4451":(364,183,61,61) (329,132,73,73)
"1308948618.7129":(377,184,61,61) (328,137,71,71)
"1308948618.9769":(377,187,61,61) (328,139,73,73)
"1308948619.2483":(373,175,60,60) (327,134,69,69)
"1308948619.5129":(379,182,60,60) (325,134,74,74)
"1308948619.7807":(373,186,62,62) (320,134,70,70)
"1308948620.0448":(379,182,60,60) (317,133,72,72)
"1308948620.3163":(359,185,61,61) (320,133,75,75)
"1308948620.5851":(366,158,45,45) (359,186,60,60) (-82,2596,804,804)
"1308948620.8505":(364,153,45,45) (362,187,60,60) (313,135,69,69)
"1308948621.1128":(369,159,45,45) (356,188,60,60) (314,138,71,71)
"1308948621.3810":(365,160,47,47) (359,190,59,59) (316,132,71,71)
"1308948621.6458":(358,164,46,46) (362,194,61,61) (306,136,76,76)
"1308948621.9161":(357,158,48,48) (352,187,60,60) (313,136,71,71)
"1308948622.1808":(361,185,60,60) (309,134,71,71)
"1308948622.4448":(359,187,61,61) (330,150,42,42)
"1308948622.7219":(369,189,60,60) (316,143,71,71)
"1308948622.9809":(364,183,61,61) (320,134,75,75)
"1308948623.2474":(362,194,61,61) (320,134,73,73)
"1308948623.5127":(367,179,61,61) (315,130,75,75)
"1308948623.7865":(370,187,60,60) (316,132,74,74)
"1308948624.0474":(375,184,61,61) (322,141,73,73)
"1308948624.3128":(368,182,61,61) (315,134,75,75)
"1308948624.5882":(369,183,60,60) (311,130,75,75)
"1308948624.8475":(361,180,59,59) (320,130,74,74)
"1308948625.1153":(360,185,60,60) (311,134,72,72)
"1308948625.3851":(363,185,59,59) (318,134,71,71)
"1308948625.6476":(365,184,59,59) (316,142,72,72)
"1308948625.9154":(363,184,60,60) (316,132,72,72)
"1308948626.1833":(368,161,48,48) (363,188,61,61) (309,138,72,72)
"1308948626.4479":(361,189,62,62) (313,141,59,59)
"1308948626.7128":(370,183,62,62) (319,140,49,49)
"1308948626.9833":(377,190,62,62) (323,129,72,72)
"1308948627.2449":(375,193,62,62) (319,137,72,72)
"1308948627.5154":(371,185,61,61) (314,135,70,70)
"1308948627.7834":(365,179,62,62) (318,130,70,70)
"1308948628.0449":(368,179,62,62) (323,134,70,70)
"1308948628.3132":(372,181,62,62) (319,129,70,70)
"1308948628.5834":(370,183,61,61) (326,131,71,71)
"1308948628.8513":(366,182,60,60) (316,130,69,69)
"1308948629.1129":(367,185,61,61) (318,131,70,70)
"1308948629.3809":(370,194,60,60) (324,143,73,73)
"1308948629.6513":(369,181,62,62) (324,130,71,71)
"1308948629.9128":(368,186,62,62) (320,134,71,71)
"1308948630.1809":(377,191,59,59) (326,129,73,73)
"1308948630.4514":(380,184,62,62) (318,135,70,70)
"1308948630.7131":(372,185,61,61) (320,137,70,70)
"1308948630.9808":(373,182,61,61) (319,134,73,73)
"1308948631.2488":(372,183,62,62) (314,130,71,71)
"1308948631.5129":(370,187,61,61) (321,128,70,70)
"1308948631.7809":(372,187,61,61) (324,139,70,70)
"1308948632.0488":(374,187,61,61) (325,130,70,70)
"1308948632.3128":(369,188,62,62) (318,138,70,70)
"1308948632.5808":(372,182,60,60) (322,130,70,70)
"1308948632.8488":(373,185,60,60) (325,140,70,70)
"1308948633.1129":(370,191,61,61) (322,140,70,70)
"1308948633.3808":(375,186,61,61) (321,136,72,72)
"1308948633.6488":(370,181,62,62) (317,146,71,71)
"1308948633.9131":(375,177,61,61) (324,131,69,69)
"1308948634.1809":(370,186,62,62) (322,137,69,69)
"1308948634.4489":(374,185,60,60) (326,130,70,70)
"1308948634.7130":(377,185,61,61) (323,134,72,72)
"1308948634.9809":(365,183,61,61) (322,130,70,70)
"1308948635.2488":(375,181,61,61) (325,131,71,71)
"1308948635.5128":(370,181,61,61) (323,127,71,71)
"1308948635.7808":(372,185,60,60) (324,127,71,71)
"1308948636.0488":(374,187,60,60) (325,133,71,71)
"1308948636.3129":(369,184,60,60) (320,135,70,70)
"1308948636.5809":(374,182,61,61) (322,138,72,72)
"1308948636.8488":(373,179,60,60) (320,132,71,71)
"1308948637.1128":(362,191,76,76) (307,133,72,72)
"1308948637.3809":(376,183,61,61) (312,139,73,73)
"1308948637.6488":(378,185,60,60) (309,135,73,73)
"1308948637.9169":(374,186,61,61) (299,135,74,74)
"1308948638.1809":(379,181,61,61) (291,134,72,72)
"1308948638.4488":(372,185,61,61) (302,138,72,72)
"1308948638.7169":(365,184,61,61) (301,133,73,73)
"1308948638.9809":(370,189,60,60) (298,137,70,70)
"1308948639.2489":(373,189,61,61) (323,134,70,70)
"1308948639.5168":(372,181,61,61) (322,131,70,70)
"1308948639.7809":(369,187,61,61) (313,137,70,70)
"1308948640.0490":(371,187,60,60) (308,145,70,70)
"1308948640.3168":(365,183,62,62) (307,138,72,72)
"1308948640.5811":(368,181,60,60) (320,136,70,70)
"1308948640.8489":(357,189,61,61) (-82,2596,804,804)
"1308948641.1168":(351,188,60,60) (303,136,70,70)
"1308948641.3809":(355,182,62,62) (301,133,70,70)
"1308948641.6489":(356,188,61,61) (306,128,70,70)
"1308948641.9170":(365,166,45,45) (352,193,62,62) (314,134,69,69)
"1308948642.1809":(365,159,45,45) (359,185,61,61) (311,146,70,70)
"1308948642.4488":(359,186,59,59) (324,140,70,70)
"1308948642.7169":(359,192,60,60) (340,140,69,69)
"1308948642.9810":(354,186,61,61) (-82,2596,804,804)
"1308948643.2489":(353,189,60,60) (312,149,66,66)
"1308948643.5170":(369,184,61,61) (299,140,68,68)
"1308948643.7809":(365,188,61,61) (303,145,69,69)
"1308948644.0489":(369,190,62,62) (286,140,69,69)
"1308948644.3169":(376,185,60,60) (274,135,70,70) (322,155,61,61)
"1308948644.5838":(367,193,61,61) (263,142,72,72) (329,152,46,46)
"1308948644.8515":(365,189,63,63) (-82,2596,804,804) (328,154,47,47)
"1308948645.1193":(369,193,63,63) (248,137,74,74) (314,154,61,61)
"1308948645.3810":(371,187,61,61) (239,135,81,81) (317,162,60,60)
"1308948645.6489":(377,165,48,48) (372,190,63,63) (235,132,84,84) (328,155,47,47)
"1308948645.9170":(376,165,47,47) (378,195,63,63) (210,137,91,91) (324,152,47,47)
"1308948646.1849":(376,161,48,48) (377,195,61,61) (210,135,91,91) (320,154,47,47)
"1308948646.4511":(377,163,48,48) (380,189,62,62) (197,142,100,100) (327,162,48,48)
"1308948646.7186":(381,168,41,41) (382,192,62,62) (200,142,104,104) (322,153,47,47)
"1308948646.9876":(381,165,48,48) (375,192,61,61) (196,146,109,109) (320,152,47,47)
"1308948647.2542":(382,164,45,45) (375,194,61,61) (182,159,115,115) (330,151,47,47)
"1308948647.5169":(375,158,47,47) (377,185,61,61) (158,160,124,124) (324,154,47,47)
"1308948647.7851":(375,159,48,48) (374,187,61,61) (154,164,129,129) (327,156,48,48)
"1308948648.0499":(378,165,46,46) (379,188,61,61) (153,178,133,133) (326,152,48,48)
"1308948648.3177":(378,164,42,42) (377,189,61,61) (159,192,142,142) (328,155,47,47)
"1308948648.5876":(374,163,47,47) (380,187,61,61) (-82,2596,804,804) (313,149,47,47)
"1308948648.8498":(368,161,48,48) (367,189,63,63) (153,263,145,145) (318,149,46,46)
"1308948649.1168":(380,165,47,47) (371,190,63,63) (105,280,140,140) (325,153,45,45)
"1308948649.3849":(381,162,42,42) (374,187,62,62) (49,277,150,150) (323,156,47,47)
"1308948649.6576":(381,162,42,42) (380,191,60,60) (21,280,153,153) (320,157,48,48)
"1308948649.9210":(379,163,44,44) (380,191,61,61) (13,282,153,153) (322,155,47,47)
"1308948650.1869":(382,165,47,47) (381,185,61,61) (24,291,154,154) (327,156,48,48)
"1308948650.4539":(380,166,41,41) (377,186,63,63) (42,289,150,150) (324,156,47,47)
"1308948650.7213":(372,162,48,48) (59,291,149,149) (328,154,47,47)
"1308948650.9902":(370,170,49,49) (-82,2596,804,804) (377,189,60,60) (62,289,147,147) (331,157,47,47)
"1308948651.2490":(374,167,47,47) (377,194,60,60) (60,287,146,146) (324,155,48,48)
"1308948651.5170":(381,165,47,47) (378,191,61,61) (60,302,149,149) (327,154,47,47)
"1308948651.7850":(375,165,48,48) (379,187,61,61) (35,314,160,160) (324,157,48,48)
"1308948652.0490":(369,166,47,47) (378,188,60,60) (14,319,165,165) (332,155,47,47)
"1308948652.3292":(376,163,47,47) (374,189,60,60) (26,322,168,168) (328,149,47,47)
"1308948652.5865":(377,162,42,42) (380,192,62,62) (18,336,174,174) (326,166,48,48)
"1308948652.8548":(376,167,48,48) (382,192,60,60) (16,345,182,182) (327,161,47,47)
"1308948653.1210":(380,162,44,44) (381,186,60,60) (-3,349,186,186) (325,156,47,47)
"1308948653.3964":(385,162,41,41) (378,188,62,62) (-11,359,185,185) (323,160,48,48)
"1308948653.6522":(381,162,42,42) (374,187,62,62) (325,162,48,48)
"1308948653.9223":(381,163,48,48) (384,186,61,61) (327,149,48,48)
"1308948654.1963":(375,163,47,47) (385,184,61,61) (322,156,48,48)
"1308948654.4489":(376,166,48,48) (26,322,169,169) (334,154,47,47)
"1308948654.7228":(381,164,46,46) (-82,2596,804,804) (383,188,60,60) (22,320,163,163) (331,155,47,47)
"1308948654.9942":(373,165,48,48) (383,187,62,62) (39,321,164,164) (327,157,47,47)
"1308948655.2569":(376,164,47,47) (376,187,81,81) (25,326,164,164) (320,154,47,47)
"1308948655.5168":(382,164,48,48) (387,189,61,61) (30,331,164,164) (332,152,47,47)
"1308948655.7862":(370,167,48,48) (377,189,61,61) (26,326,165,165) (329,153,46,46)
"1308948656.0592":(375,169,47,47) (377,199,61,61) (24,328,166,166) (332,156,47,47)
"1308948656.3227":(383,162,41,41) (380,187,61,61) (14,328,169,169) (327,153,47,47)
"1308948656.5847":(372,162,47,47) (376,190,62,62) (32,336,168,168) (330,156,47,47)
"1308948656.8557":(381,166,41,41) (379,188,62,62) (28,324,166,166) (326,157,48,48)
"1308948657.1264":(374,160,42,42) (380,191,61,61) (35,329,168,168) (330,167,47,47)
"1308948657.3848":(378,163,48,48) (383,187,62,62) (37,349,167,167) (333,152,47,47)
"1308948657.6581":(380,158,48,48) (376,184,63,63) (27,337,168,168) (327,155,48,48)
"1308948657.9168":(377,163,47,47) (379,194,60,60) (18,344,168,168) (337,153,47,47)
