"1308948658.0857":(380,191,61,61) (325,155,48,48) (7,346,174,174) (378,168,48,48)
"1308948658.3585":(380,192,62,62) (326,155,48,48) (4,356,182,182) (380,167,43,43)
"1308948658.6203":(378,196,63,63) (322,154,48,48) (382,166,45,45)
"1308948658.8886":(381,188,62,62) (321,164,48,48) (378,163,48,48)
"1308948659.1558":(377,186,62,62) (321,149,47,47) (384,165,42,42)
"1308948659.4194":(375,186,62,62) (325,152,48,48) (378,167,42,42)
"1308948659.6848":(380,189,62,62) (330,157,48,48) (381,165,46,46)
"1308948659.9569":(380,191,61,61) (328,153,47,47) (379,163,48,48)
"1308948660.2193":(377,189,62,62) (330,153,48,48) (376,166,48,48)
"1308948660.4873":(382,189,61,61) (323,153,47,47) (379,162,43,43)
"1308948660.7527":(387,188,61,61) (328,154,47,47) (376,171,48,48)
"1308948661.0194":(380,187,61,61) (327,158,47,47) (381,163,42,42)
"1308948661.2873":(378,186,61,61) (330,151,47,47) (375,165,43,43)
"1308948661.5553":(379,188,61,61) (329,157,48,48) (374,166,48,48)
"1308948661.8194":(381,189,61,61) (323,155,47,47) (373,162,48,48)
"1308948662.0881":(381,189,60,60) (328,155,48,48) (372,169,48,48)
"1308948662.3557":(384,187,60,60) (329,162,47,47) (376,168,48,48)
"1308948662.6169":(383,187,61,61) (332,157,43,43) (380,160,47,47)
"1308948662.8875":(382,188,61,61) (325,151,48,48) (371,163,47,47)
"1308948663.1581":(382,184,61,61) (326,157,47,47) (375,158,48,48)
"1308948663.4170":(377,183,61,61) (328,159,47,47) (369,163,48,48)
"1308948663.6874":(378,186,63,63) (327,162,47,47) (377,168,45,45)
"1308948663.9554":(379,182,61,61) (331,151,47,47) (382,159,42,42)
"1308948664.2234":(380,185,60,60) (325,154,48,48) (375,165,48,48)
"1308948664.4857":(388,185,61,61) (335,155,47,47) (382,165,48,48)
"1308948664.7554":(377,185,62,62) (329,156,48,48) (377,161,49,49)
"1308948665.0271":(373,187,61,61) (319,150,48,48) (376,165,48,48)
"1308948665.2849":(369,187,61,61) (326,155,46,46) (378,166,42,42)
"1308948665.5529":(382,183,61,61) (316,151,47,47) (378,162,41,41)
"1308948665.8235":(378,186,60,60) (328,153,47,47) (373,162,46,46)
"1308948666.0848":(378,188,61,61) (323,153,47,47) (374,164,42,42)
"1308948666.3529":(377,183,61,61) (326,153,48,48) (374,166,42,42)
"1308948666.6208":(373,182,61,61) (326,156,47,47) (380,165,43,43)
"1308948666.8849":(378,188,63,63) (324,159,48,48) (378,157,45,45)
"1308948667.1529":(377,187,61,61) (326,154,47,47) (372,164,45,45)
"1308948667.4209":(374,185,63,63) (330,156,48,48) (373,167,44,44)
"1308948667.6848":(382,183,61,61) (328,150,48,48) (376,164,45,45)
"1308948667.9528":(379,187,61,61) (320,162,47,47) (377,164,45,45)
"1308948668.2208":(378,187,62,62) (328,154,48,48) (375,164,47,47)
"1308948668.4850":(377,184,61,61) (325,156,48,48) (376,163,49,49)
"1308948668.7531":(379,191,61,61) (325,158,47,47) (377,164,41,41)
"1308948669.0208":(382,185,61,61) (328,155,47,47) (380,161,41,41)
"1308948669.2849":(379,191,60,60) (330,157,47,47) (373,160,43,43)
"1308948669.5529":(381,187,61,61) (322,158,48,48) (380,162,48,48)
