"1308766744.7372":(367,169,46,46) (324,155,48,48) (488,251,121,121)
"1308766745.0013":(367,168,45,45) (324,159,48,48) (479,251,119,119)
"1308766745.2693":(357,170,45,45) (324,160,48,48) (488,251,122,122)
"1308766746.0695":(364,167,46,46) (325,153,48,48) (492,249,119,119)
"1308766746.3373":(369,169,46,46) (328,158,48,48) (484,254,123,123)
"1308766746.6070":(364,170,45,45) (328,159,48,48) (477,254,122,122)
"1308766746.8694":(369,167,46,46) (327,159,47,47) (466,252,125,125)
"1308766747.1373":(371,167,46,46) (326,157,47,47) (500,257,118,118)
"1308766747.6701":(368,163,46,46) (326,161,48,48) (476,253,124,124)
"1308766747.9373":(368,165,46,46) (327,157,47,47) (480,255,123,123)
"1308766748.2053":(368,164,47,47) (329,158,47,47) (483,254,119,119)
"1308766748.4693":(369,167,46,46) (328,159,47,47) (468,252,127,127)
"1308766748.7374":(367,165,47,47) (322,161,47,47) (491,249,121,121)
"1308766749.0053":(369,164,45,45) (325,161,46,46) (484,252,126,126)
"1308766750.0699":(368,167,45,45) (332,158,48,48) (482,254,120,120)
"1308766750.3374":(362,165,46,46) (326,155,47,47) (474,254,126,126)
"1308766751.4053":(369,165,46,46) (321,156,48,48) (470,253,122,122)
"1308766751.6693":(360,167,46,46) (328,159,48,48) (473,251,125,125)
"1308766751.9373":(361,165,45,45) (325,158,47,47) (478,248,127,127)
"1308766752.2058":(360,164,45,45) (319,157,48,48) (477,250,124,124)
"1308766752.4744":(357,165,45,45) (321,158,41,41) (472,252,127,127)
"1308766752.7373":(368,169,46,46) (329,160,41,41) (479,251,118,118)
"1308766753.0056":(368,164,45,45) (327,157,48,48) (466,250,125,125)
"1308766753.2698":(373,167,47,47) (324,158,47,47) (470,252,128,128)
"1308766753.5408":(368,165,46,46) (323,161,49,49) (481,257,127,127)
"1308766754.6053":(367,169,46,46) (320,155,48,48) (481,252,123,123)
"1308766754.8775":(320,158,48,48) (485,251,125,125)
"1308766755.1373":(369,170,45,45) (323,159,48,48) (474,259,123,123)
"1308766755.6747":(363,167,46,46) (320,161,48,48) (482,253,126,126)
"1308766756.2053":(368,168,48,48) (316,158,48,48) (484,250,126,126)
"1308766756.4748":(363,166,48,48) (323,161,49,49) (452,252,130,130)
"1308766756.7380":(364,169,49,49) (325,154,48,48) (456,244,128,128)
"1308766757.0101":(362,170,49,49) (328,160,48,48) (465,242,128,128)
"1308766757.2740":(364,168,49,49) (326,159,48,48) (463,249,128,128)
"1308766757.8102":(357,165,49,49) (328,158,49,49) (484,250,128,128)
"1308766758.0733":(358,169,47,47) (323,161,49,49) (467,254,130,130)
"1308766758.3459":(362,169,49,49) (329,161,49,49) (474,253,128,128)
"1308766758.8734":(362,167,48,48) (331,154,47,47) (484,253,128,128)
"1308766759.1374":(366,169,47,47) (326,154,45,45) (458,249,127,127)
"1308766759.4054":(373,171,48,48) (325,160,49,49) (439,257,127,127)
"1308766759.6733":(365,164,48,48) (333,156,41,41)
"1308766759.9375":(361,167,47,47) (327,157,48,48) (420,251,130,130)
"1308766760.2056":(361,166,48,48) (323,156,49,49) (418,247,131,131)
"1308766760.4794":(364,167,48,48) (319,158,48,48) (408,249,130,130)
"1308766761.0075":(366,168,48,48) (320,160,48,48) (400,253,134,134)
"1308766761.2794":(361,166,47,47) (329,159,48,48) (396,252,131,131)
"1308766761.5374":(370,166,48,48) (317,159,48,48) (390,271,132,132)
"1308766761.8054":(358,169,46,46) (321,162,48,48) (406,279,137,137)
"1308766762.0818":(364,169,47,47) (327,157,48,48) (408,293,137,137)
"1308766762.3378":(365,166,46,46) (328,157,48,48) (399,293,143,143)
"1308766762.6094":(362,170,45,45) (328,158,48,48) (385,285,145,145)
"1308766762.8845":(361,169,46,46) (327,160,48,48) (392,281,153,153)
"1308766763.1473":(362,169,47,47) (318,159,49,49) (388,284,147,147)
"1308766763.4103":(364,167,46,46) (325,158,48,48) (399,285,149,149)
"1308766763.6733":(363,165,47,47) (324,159,49,49) (400,284,149,149)
"1308766763.9372":(363,168,46,46) (324,162,48,48) (404,284,149,149)
"1308766764.2143":(360,169,46,46) (321,156,48,48) (392,286,149,149)
"1308766764.4733":(362,167,46,46) (318,157,48,48) (389,285,155,155)
"1308766764.7373":(362,168,48,48) (318,155,48,48) (407,290,160,160)
"1308766765.0053":(371,168,48,48) (319,158,48,48) (409,290,149,149)
"1308766765.2740":(482,365,249,249) (374,167,43,43) (324,158,48,48) (400,291,162,162)
"1308766765.5415":(468,367,250,250) (373,167,47,47) (322,157,48,48) (405,292,149,149)
"1308766765.8109":(366,166,47,47) (327,153,48,48) (407,286,148,148)
"1308766766.0796":(367,168,47,47) (323,155,48,48) (403,294,149,149)
"1308766766.3496":(363,167,46,46) (313,157,48,48) (413,287,149,149)
"1308766766.6206":(372,163,48,48) (329,160,48,48) (398,290,149,149)
"1308766766.8732":(367,166,47,47) (325,158,48,48) (402,283,149,149)
"1308766767.1412":(365,166,45,45) (322,153,48,48) (401,287,147,147)
"1308766767.4053":(365,167,47,47) (321,160,48,48) (403,293,149,149)
"1308766767.6744":(371,168,48,48) (323,158,48,48) (402,286,149,149)
"1308766767.9482":(370,170,47,47) (319,157,48,48) (395,282,158,158)
"1308766768.2054":(477,363,231,231) (372,171,47,47) (325,156,48,48) (403,291,148,148)
"1308766768.4771":(452,346,228,228) (377,169,47,47) (318,159,48,48) (388,283,149,149)
"1308766768.7443":(431,350,221,221) (372,170,47,47) (325,159,48,48) (393,296,156,156)
"1308766771.9413":(392,337,222,222) (368,168,47,47) (321,158,48,48) (388,282,140,140)
"1308766772.2053":(411,329,215,215) (374,169,46,46) (322,158,48,48) (377,279,139,139)
"1308766772.4733":(413,331,211,211) (369,166,47,47) (323,156,48,48) (379,267,137,137)
"1308766772.7413":(379,332,214,214) (368,169,47,47) (325,158,48,48) (386,261,131,131)
"1308766773.0057":(398,322,206,206) (367,165,47,47) (324,156,48,48) (389,246,128,128)
"1308766773.2733":(424,335,207,207) (369,168,46,46) (324,153,48,48) (395,241,120,120)
"1308766773.8053":(388,319,196,196) (372,168,47,47) (315,155,48,48) (356,240,134,134)
"1308766774.0733":(402,300,189,189) (369,168,47,47) (324,156,48,48) (365,241,116,116)
"1308766774.3413":(408,296,181,181) (368,166,46,46) (319,155,48,48) (353,238,112,112)
"1308766774.8733":(447,299,176,176) (365,165,47,47) (318,159,48,48) (360,241,114,114)
"1308766775.1413":(438,301,183,183) (367,162,47,47) (322,159,48,48) (364,235,115,115)
"1308766775.4093":(440,304,184,184) (369,169,46,46) (322,160,48,48) (362,236,115,115)
"1308766775.6733":(429,296,184,184) (362,164,47,47) (324,162,48,48) (344,235,113,113)
"1308766775.9414":(433,296,177,177) (366,168,47,47) (327,159,47,47) (347,241,111,111)
"1308766776.2093":(443,286,167,167) (366,164,47,47) (325,159,48,48) (332,236,115,115)
"1308766776.4733":(443,289,163,163) (368,165,45,45) (321,158,48,48) (335,240,116,116)
"1308766776.7413":(442,280,170,170) (375,164,46,46) (321,157,48,48) (332,240,114,114)
"1308766777.0092":(438,284,165,165) (371,167,47,47) (320,153,48,48) (342,245,118,118)
"1308766777.5413":(425,283,160,160) (371,165,47,47) (322,159,48,48) (319,237,118,118)
"1308766777.8093":(406,291,160,160) (370,170,46,46) (325,159,48,48) (313,247,114,114)
"1308766778.0733":(396,291,160,160) (370,167,47,47) (325,159,46,46) (325,241,112,112)
"1308766778.3413":(410,286,156,156) (369,166,47,47) (320,161,48,48) (331,235,118,118)
"1308766778.8734":(417,286,164,164) (369,168,47,47) (326,161,48,48) (344,232,112,112)
"1308766779.1413":(410,289,167,167) (365,166,47,47) (316,160,48,48) (357,238,116,116)
"1308766779.9413":(427,293,155,155) (367,169,46,46) (311,159,47,47) (348,240,118,118)
"1308766780.2093":(415,282,163,163) (373,164,48,48) (320,156,48,48) (344,237,115,115)
"1308766780.4733":(436,290,156,156) (368,167,47,47) (318,157,48,48) (351,238,115,115)
"1308766780.7413":(407,283,160,160) (370,164,47,47) (322,153,48,48) (337,235,113,113)
"1308766781.0093":(420,291,154,154) (366,165,47,47) (314,156,48,48) (343,240,112,112)
"1308766782.0735":(440,287,156,156) (370,167,46,46) (317,154,48,48) (346,234,112,112)
"1308766782.3416":(431,285,159,159) (370,168,45,45) (323,154,47,47) (350,242,116,116)
"1308766782.6093":(441,279,159,159) (368,166,47,47) (319,159,48,48) (351,240,114,114)
"1308766782.8773":(435,285,158,158) (370,163,46,46) (322,155,48,48) (350,237,118,118)
"1308766783.1413":(426,287,160,160) (371,166,45,45) (321,154,48,48) (355,241,117,117)
"1308766783.4093":(428,282,154,154) (370,166,47,47) (325,157,48,48) (357,237,115,115)
"1308766783.6773":(430,279,161,161) (368,168,46,46) (324,159,48,48) (358,237,112,112)
"1308766783.9415":(432,277,154,154) (367,165,48,48) (324,159,48,48) (356,236,114,114)
"1308766785.2774":(445,287,156,156) (375,167,47,47) (323,152,48,48) (344,237,115,115)
"1308766785.5414":(437,290,155,155) (366,170,46,46) (323,153,48,48) (347,236,118,118)
"1308766785.8096":(443,290,159,159) (372,167,47,47) (329,159,48,48) (350,234,115,115)
"1308766787.1415":(422,292,164,164) (370,167,47,47) (321,160,48,48) (352,231,115,115)
"1308766787.4093":(448,286,159,159) (365,168,46,46) (322,160,48,48) (343,240,116,116)
"1308766787.6773":(423,290,147,147) (369,171,47,47) (320,157,48,48) (342,237,117,117)
"1308766787.9418":(433,287,177,177) (368,169,46,46) (327,159,48,48) (342,240,112,112)
"1308766788.4784":(435,290,160,160) (373,166,47,47) (320,157,48,48) (353,244,115,115)
"1308766788.7414":(437,286,162,162) (370,162,47,47) (327,156,48,48) (354,240,115,115)
"1308766789.0094":(447,286,159,159) (370,167,48,48) (325,158,48,48) (356,238,115,115)
"1308766789.2773":(433,283,156,156) (373,169,47,47) (323,156,48,48) (345,236,113,113)
"1308766789.5450":(440,282,162,162) (369,166,45,45) (324,154,48,48) (356,239,113,113)
"1308766789.8093":(428,293,155,155) (371,160,46,46) (327,160,48,48) (355,239,115,115)
"1308766790.0811":(449,288,153,153) (361,166,45,45) (321,156,48,48) (352,234,114,114)
"1308766790.8773":(437,292,160,160) (369,164,47,47) (324,157,48,48) (357,242,114,114)
"1308766791.1413":(428,288,162,162) (372,167,47,47) (324,155,48,48) (345,241,115,115)
"1308766791.4103":(410,290,161,161) (362,162,46,46) (324,160,48,48) (353,243,109,109)
"1308766791.6773":(420,292,162,162) (370,167,47,47) (324,157,48,48) (345,236,116,116)
"1308766791.9494":(410,294,152,152) (373,172,47,47) (327,154,48,48) (355,241,113,113)
"1308766792.2093":(403,288,165,165) (371,167,47,47) (329,157,48,48) (358,240,115,115)
"1308766792.4811":(397,296,163,163) (367,166,46,46) (325,158,48,48) (341,241,112,112)
"1308766793.0094":(426,301,159,159) (368,167,47,47) (326,157,48,48) (345,237,115,115)
"1308766793.2777":(424,291,163,163) (370,169,46,46) (328,158,47,47) (352,242,116,116)
"1308766793.5453":(423,294,163,163) (368,171,47,47) (329,158,48,48) (344,236,111,111)
"1308766793.8125":(427,289,163,163) (366,166,45,45) (329,156,47,47) (342,245,115,115)
"1308766794.3453":(453,283,160,160) (376,167,47,47) (326,159,47,47) (338,236,115,115)
"1308766794.6095":(477,286,121,121) (368,168,47,47) (330,154,42,42) (358,232,111,111)
"1308766794.8783":(440,286,161,161) (361,162,45,45) (323,152,48,48) (351,239,114,114)
"1308766795.1453":(450,288,152,152) (368,169,48,48) (322,154,48,48) (352,242,112,112)
"1308766795.6773":(440,293,160,160) (356,163,47,47) (324,156,48,48) (339,233,114,114)
"1308766796.4774":(428,282,163,163) (362,167,47,47) (321,161,48,48) (347,242,119,119)
"1308766796.7453":(426,283,160,160) (365,163,46,46) (319,154,48,48) (344,234,121,121)
"1308766797.2837":(433,282,157,157) (365,166,46,46) (327,158,49,49) (360,243,118,118)
"1308766797.5511":(434,288,159,159) (365,169,47,47) (325,157,48,48) (339,249,121,121)
"1308766798.3454":(426,291,158,158) (368,166,47,47) (327,156,48,48) (353,245,117,117)
"1308766798.6093":(427,286,164,164) (366,167,46,46) (315,159,48,48) (353,244,116,116)
"1308766798.8814":(435,283,159,159) (367,169,48,48) (323,159,48,48) (357,243,117,117)
"1308766799.1522":(426,279,157,157) (367,167,47,47) (321,156,45,45) (346,242,117,117)
"1308766800.2128":(414,272,163,163) (368,171,47,47) (323,157,48,48) (347,245,115,115)
"1308766800.4775":(412,286,153,153) (369,167,48,48) (318,154,48,48) (351,245,118,118)
"1308766800.7484":(415,279,159,159) (366,165,47,47) (319,157,48,48) (344,235,118,118)
"1308766802.0820":(416,286,166,166) (370,169,47,47) (323,157,48,48) (357,240,118,118)
"1308766802.3452":(416,287,167,167) (366,164,47,47) (314,156,48,48) (356,241,111,111)
"1308766802.6202":(415,290,165,165) (364,166,46,46) (322,162,48,48) (357,240,112,112)
"1308766802.8819":(428,284,165,165) (367,166,47,47) (323,157,48,48) (361,240,117,117)
"1308766803.6773":(420,292,164,164) (365,168,48,48) (323,158,48,48) (364,239,117,117)
"1308766804.2134":(429,290,163,163) (367,165,47,47) (317,155,47,47) (372,240,118,118)
"1308766804.4773":(437,292,153,153) (365,168,46,46) (317,158,48,48) (344,246,118,118)
"1308766804.7452":(417,285,155,155) (365,165,48,48) (311,155,48,48) (355,248,114,114)
"1308766805.0170":(405,294,163,163) (365,172,48,48) (321,159,48,48) (361,240,116,116)
"1308766805.5453":(432,288,162,162) (369,172,47,47) (327,151,48,48) (350,242,118,118)
"1308766806.0773":(401,279,159,159) (371,167,48,48) (321,161,48,48) (365,239,117,117)
"1308766806.3453":(417,276,157,157) (371,169,47,47) (313,155,48,48) (365,237,119,119)
"1308766806.8773":(416,283,157,157) (366,163,47,47) (319,155,48,48) (385,235,116,116)
"1308766807.1453":(416,284,160,160) (357,165,51,51) (320,158,48,48) (376,234,106,106)
"1308766807.4133":(415,282,162,162) (365,167,48,48) (320,157,48,48) (390,246,115,115)
"1308766807.6773":(422,285,159,159) (365,169,47,47) (319,156,48,48) (411,236,122,122)
"1308766807.9453":(426,285,155,155) (364,169,47,47) (315,155,47,47) (419,243,115,115)
"1308766808.2133":(441,289,161,161) (367,167,47,47) (321,157,48,48) (425,249,120,120)
"1308766808.7454":(445,288,157,157) (367,162,47,47) (322,157,48,48) (411,246,118,118)
"1308766809.2773":(428,281,164,164) (362,171,47,47) (319,151,48,48) (411,244,120,120)
"1308766809.5453":(411,285,164,164) (360,167,48,48) (312,155,48,48) (425,239,105,105)
"1308766810.0813":(407,284,162,162) (358,170,48,48) (319,157,48,48) (417,249,115,115)
"1308766810.3453":(403,287,163,163) (364,168,47,47) (314,152,47,47) (429,245,104,104)
"1308766810.8813":(417,282,163,163) (361,165,48,48) (322,158,48,48) (430,247,117,117)
"1308766811.1453":(417,292,153,153) (367,163,48,48) (320,157,48,48) (425,253,115,115)
"1308766811.4135":(429,286,164,164) (370,167,47,47) (318,155,48,48) (421,244,115,115)
"1308766811.6813":(422,282,165,165) (361,166,48,48) (323,157,47,47) (417,246,119,119)
"1308766812.7453":(417,282,159,159) (362,168,48,48) (324,155,48,48) (410,245,118,118)
"1308766813.0133":(413,285,158,158) (366,165,44,44) (321,156,48,48) (418,245,114,114)
"1308766814.3454":(407,279,167,167) (364,171,48,48) (324,151,41,41) (367,236,153,153)
"1308766815.1453":(417,288,154,154) (365,166,48,48) (317,151,48,48) (421,244,117,117)
"1308766815.4133":(422,285,165,165) (368,169,47,47) (315,161,48,48) (423,242,115,115)
"1308766815.6813":(422,285,162,162) (370,165,45,45) (324,157,45,45) (416,242,115,115)
"1308766815.9453":(420,284,165,165) (367,172,46,46) (324,161,47,47) (420,245,107,107)
"1308766817.0133":(418,277,163,163) (372,164,47,47) (322,157,48,48) (414,242,118,118)
"1308766817.2813":(416,278,164,164) (358,162,48,48) (326,158,48,48) (406,246,119,119)
"1308766817.5453":(419,278,167,167) (363,164,45,45) (317,156,49,49) (412,243,112,112)
"1308766817.8133":(432,281,162,162) (368,172,47,47) (323,160,48,48) (401,240,119,119)
"1308766818.0813":(429,276,163,163) (363,169,48,48) (320,158,48,48) (411,240,120,120)
"1308766818.8813":(436,284,164,164) (364,170,48,48) (316,159,48,48) (407,249,109,109)
"1308766819.9493":(417,291,164,164) (361,163,52,52) (318,153,48,48) (397,248,111,111)
"1308766820.2133":(426,284,159,159) (368,169,47,47) (322,160,48,48) (414,249,116,116)
"1308766823.1493":(445,284,166,166) (354,169,46,46) (322,154,48,48) (417,247,110,110)
"1308766824.2134":(439,292,166,166) (359,167,47,47) (315,155,48,48) (408,245,110,110)
"1308766826.8857":(411,285,168,168) (358,170,46,46) (319,162,48,48) (413,252,108,108)
"1308766827.6818":(448,285,167,167) (369,164,48,48) (321,162,48,48) (410,248,120,120)
"1308766827.9502":(429,282,166,166) (367,163,48,48) (320,161,48,48) (416,247,119,119)
"1308766829.0173":(432,300,165,165) (365,164,48,48) (327,157,48,48) (398,242,108,108)
"1308766829.2879":(446,294,162,162) (370,167,47,47) (318,159,48,48) (398,247,121,121)
"1308766830.3494":(450,306,166,166) (370,164,46,46) (317,156,48,48) (409,244,118,118)
"1308766830.6177":(457,297,164,164) (370,163,46,46) (320,158,47,47) (410,248,118,118)
"1308766830.8814":(453,295,169,169) (369,167,47,47) (317,159,48,48) (408,245,116,116)
"1308766831.1545":(466,305,165,165) (363,166,47,47) (314,153,48,48) (404,251,118,118)
"1308766833.2815":(408,284,169,169) (364,165,48,48) (321,159,48,48) (411,247,116,116)
"1308766833.5497":(423,280,165,165) (367,163,47,47) (326,158,47,47) (399,243,118,118)
"1308766833.8174":(438,277,165,165) (371,164,46,46) (315,157,48,48) (411,252,116,116)
"1308766834.0813":(420,277,164,164) (364,166,48,48) (322,159,48,48) (394,249,121,121)
"1308766834.3493":(438,284,158,158) (369,169,48,48) (314,161,49,49) (413,243,119,119)
"1308766836.4854":(415,290,166,166) (361,170,49,49) (319,161,47,47) (394,247,115,115)
"1308766836.7493":(420,286,159,159) (370,170,47,47) (312,157,48,48) (390,244,149,149)
"1308766837.0172":(436,284,149,149) (351,162,48,48) (312,162,48,48) (430,248,118,118)
"1308766837.2909":(413,290,168,168) (361,168,47,47) (318,158,48,48) (427,256,118,118)
"1308766838.0904":(420,284,167,167) (358,170,54,54) (328,157,45,45) (390,242,119,119)
"1308766838.8852":(431,287,159,159) (361,167,49,49) (313,156,48,48) (364,240,107,107)
"1308766839.3896":(435,274,165,165) (363,172,45,45) (319,161,48,48) (376,232,118,118)
"1308766841.5173":(406,272,168,168) (357,166,49,49) (314,162,47,47) (363,239,106,106)
"1308766841.7853":(409,276,167,167) (361,167,52,52) (319,155,48,48) (373,245,117,117)
"1308766843.6493":(432,283,159,159) (364,168,48,48) (317,156,48,48) (394,243,105,105)
"1308766843.9174":(447,288,159,159) (358,167,52,52) (322,152,48,48) (331,240,149,149)
"1308766844.1853":(447,286,160,160) (367,166,48,48) (318,157,47,47) (386,236,115,115)
"1308766845.2533":(438,278,149,149) (368,165,47,47) (323,157,48,48) (384,245,118,118)
"1308766846.3174":(437,285,170,170) (364,165,48,48) (321,160,48,48) (373,236,117,117)
"1308766847.9173":(414,272,161,161) (367,167,47,47) (323,156,47,47) (381,240,116,116)
"1308766848.9853":(403,281,162,162) (358,169,46,46) (314,156,49,49) (371,240,116,116)
"1308766849.7853":(412,283,158,158) (366,167,46,46) (326,153,48,48) (384,240,114,114)
"1308766850.8533":(418,279,161,161) (366,170,46,46) (322,158,48,48) (380,243,116,116)
"1308766851.1174":(421,275,162,162) (365,168,46,46) (327,158,48,48) (393,243,115,115)
"1308766852.7173":(422,288,167,167) (365,164,47,47) (328,156,49,49) (388,246,111,111)
"1308766852.9853":(425,282,157,157) (370,168,46,46) (310,158,48,48) (388,237,111,111)
"1308766856.4533":(433,287,169,169) (361,168,46,46) (321,154,48,48) (383,242,112,112)
"1308766857.2535":(426,284,155,155) (368,168,47,47) (319,161,48,48) (379,239,116,116)
