"1308692143.4786":(490,190,150,150)
"1308692143.7467":(484,187,148,148)
"1308692144.0106":(483,190,149,149)
"1308692144.2787":(489,189,146,146)
"1308692144.5496":(481,186,154,154)
"1308692144.8107":(486,187,148,148)
"1308692145.0786":(516,230,237,237) (485,187,150,150)
"1308692145.3466":(514,238,237,237) (483,188,143,143)
"1308692145.6107":(490,191,153,153)
"1308692145.8786":(487,192,151,151)
"1308692146.1466":(486,191,151,151)
"1308692146.4106":(487,193,150,150)
"1308692147.7466":(492,190,150,150)
"1308692148.0107":(482,190,151,151)
"1308692148.5466":(502,188,159,159) (-135,206,313,313)
"1308692148.8107":(488,189,161,161) (-108,193,289,289)
"1308692149.0788":(490,187,156,156) (-63,189,257,257)
"1308692149.3467":(488,191,159,159) (-1,166,205,205)
"1308692149.6110":(486,188,153,153) (20,167,186,186)
"1308692149.8832":(487,190,151,151) (44,166,167,167)
"1308692150.1474":(505,186,153,153) (44,146,148,148)
"1308692150.4108":(493,186,155,155) (72,153,134,134)
"1308692150.6832":(498,182,153,153) (100,152,123,123)
"1308692150.9468":(485,187,151,151) (129,151,118,118)
"1308692151.2147":(500,187,153,153) (126,145,112,112)
"1308692151.4787":(504,188,157,157) (133,142,107,107)
"1308692151.7503":(496,187,153,153) (138,144,105,105)
"1308692152.0147":(505,183,158,158) (147,141,104,104)
"1308692152.2821":(517,192,159,159) (140,132,103,103)
"1308692152.5468":(499,186,159,159) (118,137,104,104)
"1308692152.8149":(494,181,162,162) (129,138,103,103)
"1308692153.0799":(508,186,159,159) (128,140,105,105)
"1308692153.3476":(497,188,160,160) (145,143,102,102)
"1308692153.6193":(503,186,163,163) (141,146,104,104)
"1308692154.1519":(492,186,162,162) (150,140,97,97)
"1308692154.4148":(501,189,162,162) (150,142,100,100)
"1308692154.9467":(498,188,159,159) (140,142,99,99)
"1308692155.2205":(489,188,159,159) (153,138,99,99)
"1308692155.4853":(497,193,159,159) (155,140,101,101)
"1308692155.7498":(502,192,153,153) (171,138,96,96)
"1308692156.0182":(508,190,159,159) (190,134,91,91)
"1308692156.2788":(485,193,159,159) (197,136,90,90)
"1308692156.5536":(485,194,157,157) (192,132,86,86)
"1308692156.8148":(494,190,159,159) (205,136,86,86)
"1308692157.0789":(485,191,158,158) (210,133,83,83)
"1308692157.3467":(483,195,156,156) (200,133,83,83)
"1308692157.6148":(490,188,158,158) (174,136,82,82)
"1308692157.8848":(488,191,158,158) (157,138,84,84)
"1308692158.4191":(482,190,156,156) (166,137,82,82)
"1308692158.6788":(486,190,158,158) (175,133,82,82)
"1308692158.9523":(509,191,159,159) (171,132,80,80)
"1308692159.2200":(475,188,159,159) (184,138,81,81)
"1308692159.4848":(494,193,149,149) (170,134,80,80)
"1308692159.7473":(179,131,78,78)
"1308692160.0201":(484,186,152,152) (188,134,81,81)
"1308692160.2857":(488,197,160,160) (184,132,81,81)
"1308692160.5538":(488,189,156,156) (189,135,80,80)
"1308692160.8173":(497,191,158,158) (189,129,81,81)
"1308692161.3510":(488,192,153,153) (208,132,80,80)
"1308692161.6210":(487,191,152,152) (210,135,80,80)
"1308692161.8828":(482,190,161,161) (198,139,83,83)
"1308692162.1468":(489,191,158,158) (167,136,86,86)
"1308692162.4249":(156,139,90,90)
"1308692162.6887":(494,188,158,158) (138,139,90,90)
"1308692162.9496":(137,139,95,95)
"1308692163.2146":(499,192,158,158) (132,140,99,99)
"1308692163.4828":(492,190,158,158) (132,139,99,99)
"1308692163.7466":(494,193,158,158) (115,139,102,102)
"1308692164.0189":(486,191,158,158)
"1308692164.2886":(508,190,158,158) (61,138,110,110)
"1308692164.5529":(505,188,152,152) (54,142,108,108)
"1308692164.8250":(484,191,160,160) (54,147,110,110)
"1308692165.0918":(482,194,159,159) (63,139,109,109)
"1308692165.3494":(473,193,162,162) (76,143,107,107)
"1308692165.6146":(461,191,160,160) (77,140,108,108)
"1308692165.8827":(415,191,158,158) (68,143,109,109)
"1308692166.1492":(372,185,152,152) (81,143,107,107)
"1308692166.4173":(340,195,159,159) (79,142,107,107)
"1308692166.6826":(291,193,161,161) (81,147,109,109)
"1308692166.9491":(261,185,171,171) (76,140,109,109)
"1308692167.2170":(231,182,158,158) (82,145,107,107)
"1308692167.4852":(520,223,229,229) (229,173,142,142) (82,142,106,106)
"1308692167.7492":(510,217,218,218) (227,179,128,128) (74,138,107,107)
"1308692168.0172":(487,212,244,244) (213,171,118,118) (80,143,105,105)
"1308692168.2886":(476,216,243,243) (194,156,111,111) (69,142,107,107)
"1308692168.5467":(425,212,241,241) (191,160,105,105) (77,140,107,107)
"1308692168.8207":(384,212,240,240) (221,156,97,97) (75,137,108,108)
"1308692169.0826":(346,209,231,231) (212,152,93,93) (78,138,107,107)
"1308692169.3532":(322,204,218,218) (213,153,86,86) (75,143,109,109)
"1308692169.6146":(339,195,208,208) (206,148,82,82) (77,145,108,108)
"1308692169.8855":(350,188,202,202) (204,148,79,79) (79,145,107,107)
"1308692170.1531":(384,194,208,208) (222,145,77,77) (75,144,107,107)
"1308692170.4146":(410,207,225,225) (218,145,76,76) (80,142,107,107)
"1308692170.6852":(433,213,238,238) (221,145,74,74) (83,141,108,108)
"1308692170.9532":(461,211,231,231) (219,143,73,73) (80,141,104,104)
"1308692171.2147":(464,209,241,241) (225,142,69,69) (88,138,102,102)
"1308692171.4827":(477,210,227,227) (225,138,69,69) (80,138,107,107)
"1308692171.7534":(477,210,224,224) (215,139,73,73) (83,143,104,104)
"1308692172.0147":(475,208,215,215) (203,139,70,70) (81,137,104,104)
"1308692172.2827":(472,213,231,231) (201,140,72,72) (62,137,107,107)
"1308692172.5507":(485,208,206,206) (199,143,73,73) (87,141,105,105)
"1308692172.8147":(474,200,224,224) (198,146,74,74) (70,142,107,107)
"1308692173.0827":(479,199,223,223) (208,153,75,75) (73,137,107,107)
"1308692173.3506":(460,201,227,227) (213,147,75,75) (69,140,107,107)
"1308692173.6146":(469,206,229,229) (216,148,76,76) (68,134,107,107)
"1308692174.1506":(446,206,225,225) (197,151,83,83) (60,138,107,107)
"1308692174.4146":(436,204,210,210) (192,151,82,82) (69,137,107,107)
"1308692174.9506":(415,201,203,203) (187,151,86,86) (64,137,110,110)
"1308692175.2147":(379,198,198,198) (190,148,80,80) (69,139,105,105)
"1308692175.4826":(328,196,193,193) (194,151,86,86) (46,143,107,107)
"1308692175.7506":(291,191,190,190) (200,151,84,84) (37,141,107,107)
"1308692176.0147":(279,193,179,179) (217,143,77,77) (31,141,107,107)
"1308692176.2827":(273,183,165,165) (224,146,76,76) (22,143,103,103)
"1308692176.5506":(272,172,161,161) (220,150,78,78) (42,142,108,108)
"1308692176.8146":(277,179,152,152) (219,139,79,79) (49,140,109,109)
"1308692177.0827":(233,177,144,144) (173,147,148,148) (45,144,107,107)
"1308692177.3506":(222,179,139,139) (165,146,140,140) (47,142,107,107)
"1308692177.6187":(232,179,136,136) (192,145,77,77) (41,139,107,107)
"1308692177.8827":(245,178,132,132) (194,144,76,76) (39,142,109,109)
"1308692178.1506":(240,171,129,129) (202,145,75,75) (34,138,108,108)
"1308692178.4186":(253,179,124,124) (213,143,74,74) (42,142,107,107)
"1308692178.6827":(272,198,124,124) (177,142,121,121) (31,137,107,107)
"1308692178.9507":(282,263,119,119) (190,144,73,73) (38,144,107,107)
"1308692179.2186":(287,277,123,123) (172,143,72,72) (42,142,109,109)
"1308692179.4826":(284,265,127,127) (155,143,75,75) (46,141,109,109)
"1308692179.7507":(283,260,119,119) (165,149,76,76) (52,140,109,109)
"1308692180.2828":(204,169,119,119) (163,151,78,78) (57,142,106,106)
"1308692180.5506":(213,166,113,113) (182,144,77,77) (51,139,107,107)
"1308692180.8186":(237,159,106,106) (174,145,79,79) (56,143,107,107)
"1308692181.0827":(247,153,109,109) (181,146,76,76) (41,150,109,109)
"1308692181.3506":(250,154,106,106) (168,139,77,77) (32,146,109,109)
"1308692181.6186":(255,157,96,96) (162,145,78,78) (17,150,112,112)
"1308692181.8828":(257,153,96,96) (163,144,61,61) (-2,156,117,117)
"1308692182.1507":(274,151,93,93) (145,148,78,78) (10,148,118,118)
"1308692182.4187":(291,144,92,92) (153,139,76,76) (20,153,122,122)
"1308692182.6828":(293,156,91,91) (165,144,76,76) (39,144,127,127)
"1308692182.9507":(287,148,87,87) (162,142,76,76) (41,151,147,147)
"1308692183.2186":(262,146,84,84) (137,143,123,123) (39,152,136,136)
"1308692183.4828":(265,149,63,63) (141,145,76,76) (60,144,136,136)
"1308692183.7507":(255,148,80,80) (133,150,78,78) (62,150,139,139)
"1308692184.0186":(271,144,82,82) (130,149,83,83) (60,150,138,138)
"1308692184.2826":(256,147,78,78) (128,150,83,83) (73,153,134,134)
"1308692184.5507":(149,144,65,65) (81,152,139,139)
"1308692184.8226":(254,146,76,76) (155,148,83,83) (82,152,133,133)
"1308692185.0867":(247,140,74,74) (149,144,86,86) (83,152,141,141)
"1308692185.3507":(259,138,71,71) (143,156,83,83) (88,157,137,137)
"1308692185.6225":(266,140,68,68) (146,153,86,86) (83,147,138,138)
"1308692186.1507":(285,140,66,66) (162,148,85,85) (60,150,140,140)
"1308692186.4187":(274,134,65,65) (170,145,84,84) (62,163,136,136)
"1308692186.6866":(267,136,63,63) (173,147,82,82) (55,154,147,147)
"1308692186.9548":(276,140,61,61) (160,145,86,86) (55,154,140,140)
"1308692187.2187":(282,137,62,62) (135,151,122,122) (42,160,134,134)
"1308692187.4867":(271,138,61,61) (154,150,93,93) (37,165,133,133)
"1308692187.7546":(255,137,63,63) (147,151,96,96) (30,149,128,128)
"1308692188.0187":(254,133,63,63) (153,153,97,97) (23,145,137,137)
"1308692188.2869":(256,135,63,63) (187,156,96,96) (18,147,135,135)
"1308692188.5509":(265,137,42,42) (208,153,101,101) (28,147,136,136)
"1308692188.8189":(225,160,98,98) (33,146,135,135)
"1308692189.0914":(228,163,101,101) (49,142,136,136)
"1308692189.3548":(216,142,66,66) (241,171,101,101) (28,148,144,144)
"1308692189.6233":(212,143,66,66) (242,136,106,106) (44,149,142,142)
"1308692189.8908":(176,149,107,107) (245,159,105,105) (45,145,129,129)
"1308692190.1552":(178,147,108,108) (241,159,103,103) (46,143,123,123)
"1308692190.4273":(193,143,68,68) (253,164,102,102) (49,145,120,120)
"1308692190.6867":(190,142,67,67) (243,163,108,108) (56,143,118,118)
"1308692190.9561":(172,143,49,49) (249,160,111,111) (70,149,114,114)
"1308692191.2188":(166,138,67,67) (245,168,119,119) (93,143,112,112)
"1308692191.4867":(172,141,62,62) (276,175,124,124) (104,148,109,109)
"1308692191.7508":(192,140,65,65) (275,166,130,130) (117,145,105,105)
"1308692192.0231":(214,139,62,62) (273,187,132,132) (135,143,102,102)
"1308692192.2909":(225,137,66,66) (264,182,149,149) (119,146,109,109)
"1308692192.5570":(238,137,65,65) (254,189,158,158) (119,141,99,99)
"1308692193.0891":(247,135,62,62) (271,203,174,174) (125,140,97,97)
"1308692193.3507":(259,137,50,50) (295,203,188,188) (131,143,97,97)
"1308692193.6188":(269,142,65,65) (310,214,195,195) (129,138,97,97)
"1308692193.8899":(276,136,59,59) (296,208,199,199) (126,140,96,96)
"1308692194.1564":(274,140,64,64) (271,216,203,203) (132,142,93,93)
"1308692194.4231":(280,138,62,62) (238,214,219,219) (125,145,95,95)
"1308692194.6878":(266,145,51,51) (229,199,201,201) (132,144,93,93)
"1308692194.9547":(232,140,68,68) (194,198,193,193) (122,145,96,96)
"1308692195.2188":(227,144,69,69) (196,193,178,178) (120,137,96,96)
"1308692195.4872":(216,147,76,76) (156,199,181,181) (112,132,97,97)
"1308692195.7612":(185,150,78,78) (89,202,179,179) (114,137,98,98)
"1308692196.0228":(185,147,79,79) (72,194,176,176) (119,137,102,102)
"1308692196.2866":(189,151,77,77) (63,195,174,174) (111,137,97,97)
"1308692196.5597":(187,150,76,76) (65,195,180,180) (74,144,105,105)
"1308692196.8241":(209,141,72,72) (115,184,155,155) (71,153,104,104)
"1308692197.0878":(230,142,69,69) (125,182,142,142) (65,151,103,103)
"1308692197.3549":(245,142,68,68) (141,172,139,139) (72,152,104,104)
"1308692197.6231":(257,139,68,68) (145,186,140,140) (77,148,105,105)
"1308692197.8907":(263,139,68,68) (109,177,133,133) (97,141,103,103)
"1308692198.1556":(265,140,67,67) (83,176,133,133) (97,140,136,136)
"1308692198.4224":(259,147,73,73) (67,174,132,132) (123,143,96,96)
"1308692198.6909":(280,142,66,66) (44,174,130,130) (136,140,96,96)
"1308692199.2187":(6,170,128,128) (146,139,95,95)
"1308692199.4928":(-82,2596,804,804) (264,148,69,69) (6,174,132,132) (150,143,97,97)
"1308692199.7546":(265,144,71,71) (21,183,132,132) (163,132,95,95)
"1308692200.0228":(258,142,71,71) (49,175,133,133) (159,138,100,100)
"1308692200.2867":(270,136,74,74) (97,176,132,132) (162,145,90,90)
"1308692200.5595":(263,141,75,75) (113,176,132,132) (191,139,99,99)
"1308692200.8212":(260,145,75,75) (140,179,132,132) (199,137,98,98)
"1308692201.0867":(249,145,74,74) (166,189,125,125) (209,141,97,97)
"1308692201.3545":(197,192,135,135) (195,146,100,100)
"1308692201.8892":(204,144,97,97) (249,177,124,124) (131,141,97,97)
"1308692202.1546":(227,140,75,75) (255,167,118,118) (113,141,100,100)
"1308692202.4211":(249,142,69,69) (279,157,112,112) (118,141,103,103)
"1308692202.6890":(256,138,68,68) (286,164,107,107) (109,142,103,103)
"1308692202.9546":(245,136,67,67) (313,167,110,110) (99,147,107,107)
"1308692203.2214":(241,137,63,63) (332,158,107,107) (94,142,110,110)
"1308692203.7618":(272,140,45,45) (315,158,107,107) (73,144,114,114)
"1308692204.0212":(270,140,61,61) (301,161,107,107) (72,146,113,113)
"1308692204.2891":(272,143,61,61) (297,159,105,105) (62,141,114,114)
"1308692204.5572":(281,139,62,62) (287,156,96,96) (70,144,112,112)
"1308692204.8252":(282,141,63,63) (278,158,96,96) (75,143,116,116)
"1308692205.0906":(269,160,96,96) (45,152,118,118)
"1308692205.3573":(270,150,95,95) (4,159,121,121)
"1308692205.6294":(275,155,95,95) (-43,154,125,125)
"1308692205.8866":(297,135,62,62) (282,157,91,91) (-61,165,130,130)
"1308692206.1574":(301,133,63,63) (264,159,99,99)
"1308692206.4226":(327,147,63,63) (252,158,102,102)
"1308692206.6867":(309,156,109,109) (222,160,102,102)
"1308692206.9547":(339,157,63,63) (212,152,104,104)
"1308692207.2252":(189,152,105,105)
"1308692207.4867":(340,154,65,65) (184,158,103,103)
"1308692207.7547":(309,132,62,62) (162,156,99,99)
"1308692208.0226":(269,143,76,76) (155,155,95,95)
"1308692208.2867":(259,155,61,61) (146,151,93,93)
"1308692208.5547":(262,151,61,61) (136,157,91,91)
"1308692208.8226":(128,152,87,87)
"1308692209.0866":(126,147,84,84) (-55,156,131,131)
"1308692209.3546":(260,161,75,75) (128,150,83,83) (-17,147,128,128)
"1308692209.6227":(131,148,81,81) (10,141,124,124)
"1308692209.8867":(277,149,74,74) (149,144,80,80) (18,145,124,124)
"1308692210.1547":(299,135,60,60) (167,150,78,78) (22,142,131,131)
"1308692210.4226":(289,138,75,75) (181,147,77,77) (43,140,117,117)
"1308692210.6866":(305,169,58,58) (185,142,76,76) (56,138,112,112)
"1308692210.9546":(293,180,75,75) (186,145,75,75) (71,141,116,116)
"1308692211.2226":(302,171,60,60) (190,148,76,76) (75,143,113,113)
"1308692211.4866":(299,170,59,59) (191,146,76,76) (83,139,112,112)
"1308692211.7547":(285,150,63,63) (187,143,77,77) (83,143,113,113)
"1308692212.0226":(271,137,65,65) (170,146,79,79) (83,141,112,112)
"1308692212.2867":(266,136,63,63) (150,146,82,82) (80,139,114,114)
"1308692212.5546":(272,139,63,63) (146,147,83,83) (91,132,114,114)
"1308692212.8226":(272,137,63,63) (146,146,84,84) (79,143,117,117)
"1308692213.0866":(281,135,63,63) (155,146,83,83) (75,145,108,108)
"1308692213.3547":(268,139,62,62) (164,149,84,84) (73,144,112,112)
"1308692213.6226":(285,136,61,61) (182,148,80,80) (79,143,111,111)
"1308692214.1547":(292,142,63,63) (199,154,89,89) (79,137,109,109)
"1308692214.4226":(284,138,63,63) (193,156,92,92) (72,147,111,111)
"1308692214.6906":(284,141,63,63) (198,155,94,94) (82,142,112,112)
"1308692214.9547":(287,135,66,66) (202,159,99,99) (70,146,114,114)
"1308692215.2226":(305,141,64,64) (215,158,101,101) (64,147,117,117)
"1308692215.4906":(300,139,64,64) (249,155,97,97) (80,146,114,114)
"1308692215.7546":(282,142,97,97) (260,158,101,101) (82,143,117,117)
"1308692216.0226":(256,164,107,107) (87,139,116,116)
"1308692216.8226":(234,139,65,65) (232,165,116,116) (86,141,112,112)
"1308692217.0906":(226,148,66,66) (236,168,120,120) (82,141,111,111)
"1308692217.3547":(212,150,66,66) (251,171,128,128) (82,145,112,112)
"1308692217.6227":(203,145,67,67) (272,174,132,132) (86,142,111,111)
"1308692217.8906":(212,142,67,67) (274,174,137,137) (78,137,112,112)
"1308692218.1547":(180,148,70,70) (268,183,145,145) (67,140,113,113)
"1308692218.4227":(171,150,68,68) (245,183,154,154) (74,143,114,114)
"1308692218.6906":(163,145,68,68) (211,190,159,159) (74,141,114,114)
"1308692218.9547":(165,141,68,68) (211,188,165,165) (67,142,124,124)
"1308692219.4907":(173,141,67,67) (216,193,191,191) (73,142,114,114)
"1308692219.7557":(187,141,68,68) (74,144,114,114)
"1308692220.0226":(210,140,66,66) (-82,2596,804,804) (227,196,201,201) (76,138,111,111)
"1308692220.2906":(208,138,68,68) (231,202,193,193) (75,141,118,118)
"1308692220.5546":(214,142,69,69) (258,201,179,179) (82,142,118,118)
"1308692221.0906":(215,140,72,72) (287,183,162,162) (83,142,111,111)
"1308692221.3547":(235,143,72,72) (277,189,157,157) (84,147,118,118)
"1308692221.8906":(213,185,144,144) (78,137,111,111)
"1308692222.1547":(243,138,74,74) (191,185,140,140) (73,142,113,113)
"1308692222.4226":(228,141,76,76) (186,174,139,139) (-82,2596,804,804)
"1308692222.6906":(214,140,76,76) (230,172,128,128) (78,146,113,113)
"1308692222.9587":(212,144,76,76) (255,174,120,120) (76,146,110,110)
"1308692223.4907":(178,143,76,76) (283,175,114,114) (73,144,111,111)
"1308692224.0255":(154,142,74,74) (268,158,104,104) (66,149,113,113)
"1308692224.2906":(148,140,71,71) (280,154,92,92) (76,151,110,110)
"1308692224.5586":(148,140,72,72) (272,154,97,97) (75,148,107,107)
"1308692225.0907":(164,140,72,72) (277,158,94,94) (78,145,107,107)
"1308692225.6257":(177,145,77,77) (290,155,96,96) (75,148,113,113)
"1308692225.8908":(177,143,79,79) (310,155,103,103) (77,149,113,113)
"1308692226.1586":(187,144,79,79) (321,153,104,104) (71,147,117,117)
"1308692226.6930":(221,152,83,83) (321,162,76,76) (38,154,124,124)
"1308692226.9588":(262,167,112,112) (36,159,137,137)
"1308692227.2228":(223,152,85,85) (243,165,116,116) (28,160,148,148)
"1308692227.4907":(201,148,117,117) (243,170,118,118) (15,161,159,159)
"1308692227.7587":(213,156,90,90) (268,178,121,121) (-10,172,176,176)
"1308692228.0227":(218,156,89,89) (289,178,131,131) (-54,190,191,191)
"1308692228.2942":(218,153,91,91) (288,178,132,132) (-78,205,225,225)
"1308692228.8238":(189,154,97,97) (286,177,137,137)
"1308692229.0908":(179,156,101,101) (265,190,143,143)
"1308692229.3615":(165,154,104,104) (238,189,149,149)
"1308692229.6236":(163,153,105,105) (223,186,153,153)
"1308692229.8970":(185,157,105,105) (237,189,157,157)
"1308692230.1651":(187,153,107,107) (286,197,162,162)
"1308692230.6909":(188,155,108,108) (349,194,174,174)
"1308692230.9587":(190,153,108,108) (346,213,185,185)
"1308692231.2266":(199,160,108,108) (325,223,198,198)
"1308692231.4906":(209,151,107,107) (313,229,216,216)
"1308692232.0272":(216,174,124,124) (276,235,240,240)
"1308692232.2917":(239,176,122,122) (321,251,264,264)
