"1308598584.7230":(367,193,70,70) (120,152,115,115) (237,156,111,111) (379,171,46,46) (385,209,81,81)
"1308598584.9871":(364,192,70,70) (119,151,114,114) (235,161,108,108) (378,170,45,45) (390,210,81,81)
"1308598585.2575":(363,195,70,70) (113,155,113,113) (236,156,108,108) (377,169,45,45) (387,213,81,81)
"1308598585.5255":(368,193,70,70) (109,151,112,112) (241,158,109,109) (376,169,44,44) (386,209,81,81)
"1308598585.7871":(369,193,70,70) (109,152,110,110) (236,155,109,109) (378,168,45,45) (387,208,81,81)
"1308598586.0576":(367,192,70,70) (105,149,110,110) (237,158,109,109) (380,167,44,44) (384,207,80,80)
"1308598586.3256":(367,191,70,70) (107,148,112,112) (233,155,109,109) (379,167,45,45) (384,212,80,80)
"1308598586.5871":(364,193,70,70) (113,148,112,112) (229,156,109,109) (378,166,44,44) (385,209,81,81)
"1308598586.8551":(363,193,69,69) (122,146,112,112) (222,157,109,109) (376,168,44,44) (383,207,81,81)
"1308598587.1231":(364,192,70,70) (127,145,115,115) (234,157,108,108) (375,167,44,44) (382,207,80,80)
"1308598587.3871":(363,189,70,70) (131,146,114,114) (249,159,107,107) (371,166,44,44) (386,207,81,81)
"1308598587.6551":(364,192,70,70) (130,147,114,114) (251,155,106,106) (373,166,44,44) (390,209,80,80)
"1308598587.9230":(365,190,70,70) (130,145,115,115) (247,156,108,108) (371,167,44,44) (383,208,82,82)
"1308598588.1871":(363,193,70,70) (131,143,115,115) (248,159,106,106) (369,166,45,45) (388,209,82,82)
"1308598588.4551":(358,191,70,70) (128,145,114,114) (251,159,105,105) (365,168,45,45) (389,206,81,81)
"1308598588.7230":(366,193,70,70) (126,143,112,112) (251,157,104,104) (371,165,44,44) (386,208,83,83)
"1308598588.9870":(366,192,70,70) (136,143,113,113) (270,157,103,103) (364,167,45,45) (386,208,82,82)
"1308598589.2551":(363,191,76,76) (139,141,109,109) (305,161,100,100) (365,166,45,45) (383,206,81,81)
"1308598589.5231":(382,194,67,67) (144,145,110,110) (342,164,101,101) (389,209,83,83)
"1308598589.7871":(156,144,111,111) (347,163,102,102) (380,212,84,84)
"1308598590.0554":(161,148,115,115) (349,158,105,105) (381,210,84,84)
"1308598590.3231":(175,151,114,114) (349,158,108,108) (388,207,84,84)
"1308598590.5871":(191,151,117,117) (360,159,110,110) (363,168,45,45) (390,211,84,84)
"1308598590.8551":(360,191,70,70) (224,151,117,117) (383,162,111,111) (360,167,45,45)
"1308598591.1231":(364,195,70,70) (256,147,119,119) (419,165,109,109) (364,166,45,45)
"1308598591.3872":(355,194,72,72) (267,150,120,120) (423,160,108,108) (356,168,45,45)
"1308598591.6552":(359,191,70,70) (283,151,122,122) (419,159,107,107) (362,164,45,45)
"1308598591.9231":(361,193,70,70) (292,151,124,124) (401,159,107,107) (366,167,45,45)
"1308598592.1911":(287,151,126,126) (357,156,104,104) (349,165,74,74)
"1308598592.4551":(287,156,128,128) (321,153,98,98) (366,165,45,45) (389,211,84,84)
"1308598592.7231":(354,185,70,70) (269,150,127,127) (300,159,102,102) (383,207,83,83)
"1308598592.9911":(350,186,70,70) (249,151,125,125) (370,167,42,42) (380,211,82,82)
"1308598593.2551":(349,186,72,72) (226,148,127,127) (380,193,62,62) (367,167,45,45) (380,203,83,83)
"1308598593.5230":(343,189,76,76) (207,154,128,128) (199,158,101,101) (383,190,62,62) (363,164,45,45) (377,210,84,84)
"1308598593.7911":(354,191,71,71) (197,150,126,126) (366,168,45,45) (378,208,82,82)
"1308598594.0551":(351,189,76,76) (188,153,126,126) (145,155,100,100) (364,166,45,45) (382,207,84,84)
"1308598594.3231":(361,191,76,76) (149,150,124,124) (364,168,45,45) (381,211,83,83)
"1308598594.5911":(363,191,71,71) (128,153,122,122) (365,167,45,45) (378,210,84,84)
"1308598594.8551":(372,192,71,71) (106,151,123,123) (359,167,45,45) (386,207,83,83)
"1308598595.1232":(367,189,71,71) (86,147,122,122) (365,164,45,45) (380,209,84,84)
"1308598595.3910":(372,192,71,71) (83,140,122,122) (370,165,45,45) (377,215,81,81)
"1308598595.6552":(86,149,124,124) (379,164,46,46) (379,204,83,83)
"1308598595.9231":(363,196,77,77) (104,149,120,120) (381,163,46,46) (386,210,85,85)
"1308598596.1911":(374,189,72,72) (136,151,118,118) (92,153,102,102) (380,165,45,45) (376,213,81,81)
"1308598596.4552":(365,191,76,76) (146,147,115,115) (78,152,102,102) (367,163,47,47) (380,209,85,85)
"1308598596.7232":(360,190,71,71) (164,151,112,112) (75,150,102,102) (371,161,48,48) (384,209,83,83)
"1308598596.9911":(370,190,77,77) (163,150,112,112) (76,150,102,102) (368,163,47,47) (378,215,82,82)
"1308598597.2553":(361,187,71,71) (163,151,112,112) (73,151,103,103) (371,164,46,46) (384,209,83,83)
"1308598597.5232":(355,190,77,77) (154,151,112,112) (71,150,102,102) (368,163,47,47) (388,207,83,83)
"1308598597.7911":(363,191,72,72) (154,148,112,112) (72,153,102,102) (368,166,46,46) (386,209,85,85)
"1308598598.0554":(360,193,77,77) (149,146,112,112) (74,149,102,102) (367,168,45,45) (377,208,82,82)
"1308598598.3232":(365,193,71,71) (151,149,111,111) (77,148,100,100) (367,166,46,46) (384,209,83,83)
"1308598598.5916":(357,189,77,77) (132,150,110,110) (71,150,99,99) (363,166,46,46) (381,205,85,85)
"1308598598.8587":(367,196,71,71) (134,148,110,110) (73,152,101,101) (366,164,46,46) (379,209,84,84)
"1308598599.1231":(363,194,71,71) (133,147,110,110) (74,149,102,102) (373,167,46,46) (385,210,85,85)
"1308598599.3911":(374,194,71,71) (137,150,110,110) (72,150,102,102) (372,165,45,45) (385,209,85,85)
"1308598599.6592":(374,191,71,71) (137,149,110,110) (70,152,103,103) (370,169,46,46) (384,205,85,85)
"1308598599.9232":(358,193,75,75) (138,147,111,111) (73,152,103,103) (372,169,45,45) (379,209,84,84)
"1308598600.1911":(359,195,71,71) (136,151,110,110) (73,154,103,103) (366,169,46,46) (376,211,82,82)
"1308598600.4592":(361,194,71,71) (135,147,110,110) (64,159,103,103) (367,170,46,46) (384,211,84,84)
"1308598600.7234":(363,191,71,71) (135,147,110,110) (71,155,103,103) (366,171,46,46) (380,202,84,84)
"1308598600.9912":(353,192,78,78) (139,147,110,110) (69,159,103,103) (366,173,47,47) (387,206,84,84)
"1308598601.2629":(355,192,72,72) (144,149,110,110) (75,158,101,101) (369,166,45,45) (377,208,83,83)
"1308598601.5232":(357,192,77,77) (143,143,109,109) (69,161,103,103) (366,170,46,46) (382,210,85,85)
"1308598601.7972":(357,193,76,76) (135,150,110,110) (64,159,102,102) (368,167,46,46) (380,212,83,83)
"1308598602.0590":(358,189,78,78) (132,148,111,111) (70,158,103,103) (369,169,47,47) (387,208,85,85)
"1308598602.3267":(358,189,71,71) (137,151,109,109) (73,160,101,101) (369,165,48,48) (383,213,82,82)
"1308598602.5951":(358,195,77,77) (141,146,110,110) (65,156,103,103) (371,167,45,45) (381,210,85,85)
"1308598602.8599":(351,196,71,71) (139,147,110,110) (65,161,104,104) (370,170,46,46) (383,207,85,85)
"1308598603.1232":(365,198,71,71) (139,151,108,108) (67,159,102,102) (370,165,46,46) (388,213,85,85)
"1308598603.3953":(362,193,77,77) (138,151,111,111) (66,160,104,104) (367,170,45,45) (383,212,80,80)
"1308598603.6634":(358,191,76,76) (144,150,110,110) (66,162,103,103) (372,168,46,46) (389,213,85,85)
"1308598603.9232":(357,192,76,76) (142,148,110,110) (68,158,103,103) (373,167,45,45) (386,209,85,85)
"1308598604.1963":(360,196,72,72) (132,146,110,110) (59,160,103,103) (373,165,45,45) (385,209,85,85)
"1308598604.4611":(363,191,77,77) (144,150,109,109) (65,161,102,102) (370,167,47,47) (390,209,84,84)
"1308598604.7277":(363,192,71,71) (139,148,110,110) (64,156,103,103) (373,166,46,46) (390,211,84,84)
"1308598604.9912":(357,190,71,71) (137,145,110,110) (67,155,103,103) (371,168,46,46) (384,208,84,84)
"1308598605.2593":(364,193,71,71) (140,150,110,110) (65,162,103,103) (374,168,46,46) (388,210,85,85)
"1308598605.5233":(365,189,76,76) (137,146,110,110) (67,156,103,103) (372,168,46,46) (395,207,82,82)
"1308598605.7952":(365,187,77,77) (144,147,110,110) (66,156,103,103) (374,164,45,45) (392,209,85,85)
"1308598606.0628":(365,190,72,72) (152,146,110,110) (66,158,102,102) (373,165,46,46) (389,208,85,85)
"1308598606.3232":(360,193,70,70) (140,146,108,108) (69,161,103,103) (374,170,43,43) (382,209,83,83)
"1308598606.5911":(365,191,72,72) (145,145,110,110) (66,158,102,102) (378,167,47,47) (385,202,85,85)
"1308598606.8593":(355,192,76,76) (142,147,110,110) (67,156,103,103) (377,170,46,46) (385,205,85,85)
"1308598607.1234":(366,192,71,71) (145,144,110,110) (64,153,103,103) (377,171,45,45) (385,204,84,84)
"1308598607.3964":(361,189,71,71) (141,144,107,107) (64,157,102,102) (379,168,45,45) (381,207,84,84)
"1308598607.6645":(354,192,76,76) (143,143,109,109) (66,157,102,102) (374,169,46,46) (384,211,85,85)
"1308598607.9290":(363,194,71,71) (150,148,109,109) (66,156,103,103) (381,166,46,46) (386,212,85,85)
"1308598608.1913":(363,190,71,71) (142,145,107,107) (65,157,102,102) (377,171,46,46) (384,207,84,84)
"1308598608.4632":(366,195,71,71) (141,144,109,109) (64,157,103,103) (382,167,47,47) (383,205,85,85)
"1308598608.7312":(359,193,71,71) (139,145,109,109) (73,152,101,101) (376,166,47,47) (389,210,85,85)
"1308598608.9913":(360,195,71,71) (140,148,109,109) (74,152,102,102) (377,169,46,46) (383,208,86,86)
"1308598609.2590":(353,193,76,76) (139,146,110,110) (73,149,103,103) (373,167,46,46) (379,209,85,85)
"1308598609.5233":(355,197,77,77) (138,146,109,109) (73,152,104,104) (376,168,46,46) (383,212,85,85)
"1308598609.7958":(362,196,71,71) (139,146,110,110) (71,149,105,105) (375,167,46,46) (384,209,83,83)
"1308598610.0601":(365,196,71,71) (146,146,109,109) (69,146,103,103) (376,167,45,45) (385,208,84,84)
"1308598610.3353":(366,193,71,71) (141,146,108,108) (74,153,102,102) (379,169,46,46) (380,207,84,84)
"1308598610.5911":(367,190,70,70) (140,146,107,107) (66,153,103,103) (378,170,46,46) (385,210,85,85)
"1308598610.8645":(364,193,71,71) (138,147,109,109) (70,154,102,102) (380,167,47,47) (381,209,85,85)
"1308598611.1316":(359,191,77,77) (142,142,108,108) (81,156,102,102) (379,170,46,46) (389,211,85,85)
"1308598611.3915":(359,195,72,72) (138,146,110,110) (93,163,103,103) (375,168,46,46) (383,209,85,85)
"1308598611.6592":(362,196,71,71) (140,145,110,110) (86,166,102,102) (375,171,46,46) (391,213,84,84)
"1308598611.9360":(368,195,71,71) (134,145,110,110) (93,165,102,102) (377,169,46,46) (385,209,83,83)
"1308598612.2005":(357,196,71,71) (143,143,110,110) (89,166,103,103) (382,168,47,47) (382,211,82,82)
"1308598612.4656":(361,197,75,75) (144,145,108,108) (95,165,102,102) (373,164,46,46) (378,210,82,82)
"1308598612.7343":(366,194,71,71) (140,146,108,108) (101,161,102,102) (377,168,45,45) (385,209,83,83)
"1308598612.9911":(367,196,75,75) (141,144,108,108) (89,165,103,103) (378,168,46,46) (386,212,83,83)
"1308598613.2661":(363,197,75,75) (140,143,110,110) (88,163,102,102) (375,168,46,46) (388,211,81,81)
"1308598613.5347":(360,193,77,77) (143,148,110,110) (78,162,104,104) (380,167,47,47) (388,206,81,81)
"1308598613.7911":(359,189,77,77) (139,144,110,110) (73,159,104,104) (379,170,45,45) (380,208,84,84)
"1308598614.0651":(361,199,76,76) (135,139,110,110) (74,159,104,104) (374,168,46,46) (374,211,83,83)
"1308598614.3341":(361,207,72,72) (139,146,110,110) (75,157,103,103) (375,170,46,46) (390,210,82,82)
"1308598614.5921":(369,194,74,74) (140,142,110,110) (69,159,103,103) (376,168,48,48) (386,208,82,82)
"1308598614.8616":(358,196,77,77) (140,143,107,107) (56,159,103,103) (375,168,46,46) (386,214,84,84)
"1308598615.1330":(357,189,72,72) (141,141,110,110) (59,160,103,103) (376,169,47,47) (379,206,84,84)
"1308598615.3975":(360,193,76,76) (143,146,110,110) (47,157,103,103) (375,167,46,46) (381,210,83,83)
"1308598615.6689":(358,190,78,78) (134,144,109,109) (49,152,105,105) (375,167,46,46) (382,207,84,84)
"1308598615.9283":(361,192,71,71) (131,143,110,110) (57,155,106,106) (379,167,47,47) (393,208,83,83)
"1308598616.1910":(364,193,76,76) (132,141,110,110) (63,155,106,106) (377,170,46,46) (386,207,82,82)
"1308598616.4590":(358,193,71,71) (137,145,110,110) (60,157,103,103) (375,169,47,47) (383,208,82,82)
"1308598616.7311":(363,194,71,71) (126,148,110,110) (54,153,106,106) (376,167,45,45) (389,212,85,85)
"1308598616.9937":(364,194,76,76) (127,147,110,110) (60,152,105,105) (377,167,46,46) (386,209,83,83)
"1308598617.2616":(359,193,77,77) (135,146,111,111) (52,151,104,104) (377,168,46,46) (382,207,82,82)
"1308598617.5315":(365,195,77,77) (143,148,113,113) (57,151,104,104) (377,170,46,46) (379,206,84,84)
"1308598617.7937":(366,195,70,70) (148,149,114,114) (55,151,104,104) (380,169,45,45) (387,210,82,82)
"1308598618.0616":(365,193,76,76) (151,145,114,114) (55,151,105,105) (377,169,45,45) (384,208,82,82)
"1308598618.3299":(361,196,76,76) (142,144,114,114) (52,148,102,102) (374,167,46,46) (381,210,85,85)
"1308598618.5936":(364,193,71,71) (128,143,115,115) (51,152,106,106) (377,169,46,46) (388,209,84,84)
"1308598618.8616":(370,193,77,77) (119,146,115,115) (46,151,107,107) (373,168,46,46) (378,208,84,84)
"1308598619.1339":(364,197,70,70) (115,141,115,115) (48,147,107,107) (373,166,45,45) (380,212,82,82)
"1308598619.4041":(370,200,76,76) (112,144,116,116) (50,151,100,100) (375,165,46,46) (388,209,83,83)
"1308598619.6619":(372,186,71,71) (114,146,116,116) (51,154,106,106) (374,165,46,46) (383,207,84,84)
"1308598619.9337":(369,193,71,71) (112,143,113,113) (52,148,107,107) (373,162,46,46) (383,207,82,82)
"1308598620.1977":(364,194,71,71) (118,142,114,114) (55,150,102,102) (375,164,46,46) (386,210,83,83)
"1308598620.4616":(364,192,72,72) (114,148,115,115) (56,148,104,104) (371,166,48,48) (389,205,85,85)
"1308598620.7298":(365,194,71,71) (114,146,114,114) (65,150,101,101) (374,165,46,46) (385,204,85,85)
"1308598620.9975":(364,194,74,74) (120,144,115,115) (90,159,103,103) (372,167,47,47) (383,210,84,84)
"1308598621.2591":(364,195,70,70) (118,143,114,114) (378,167,45,45) (389,210,82,82)
"1308598621.5271":(370,192,71,71) (126,145,114,114) (381,169,46,46) (386,209,85,85)
"1308598621.7977":(362,192,70,70) (133,144,111,111) (374,167,46,46) (389,211,83,83)
"1308598622.0592":(358,193,71,71) (142,144,113,113) (375,165,45,45) (387,209,83,83)
"1308598622.3271":(355,195,76,76) (149,147,114,114) (202,153,97,97) (371,169,48,48) (387,210,82,82)
"1308598622.5977":(360,196,77,77) (149,145,113,113) (226,156,99,99) (376,168,45,45) (383,209,85,85)
"1308598622.8591":(366,195,72,72) (156,147,111,111) (242,158,98,98) (372,168,47,47) (383,208,84,84)
"1308598623.1272":(363,193,74,74) (162,145,105,105) (257,159,101,101) (369,168,48,48) (386,215,83,83)
"1308598623.3951":(363,190,76,76) (167,141,100,100) (273,157,105,105) (375,167,47,47) (382,207,83,83)
"1308598623.6591":(364,195,77,77) (173,139,97,97) (297,158,99,99) (375,163,46,46) (390,204,84,84)
"1308598623.9271":(363,192,77,77) (198,139,91,91) (314,156,98,98) (381,167,47,47) (385,204,83,83)
"1308598624.1951":(369,190,76,76) (216,141,86,86) (315,157,98,98) (373,164,47,47) (388,210,84,84)
"1308598624.4591":(221,138,85,85) (331,158,100,100) (392,203,86,86)
"1308598624.7271":(212,138,79,79) (333,167,106,106) (388,208,82,82)
"1308598624.9951":(217,135,76,76) (356,167,109,109)
"1308598625.2591":(222,133,76,76) (357,161,118,118)
"1308598625.5271":(235,133,71,71) (359,162,119,119)
"1308598625.7951":(251,134,68,68) (380,169,118,118) (376,166,47,47)
"1308598626.0591":(370,194,70,70) (254,136,66,66) (420,160,112,112) (379,166,46,46)
"1308598626.3271":(369,191,76,76) (262,130,62,62) (440,164,112,112) (380,167,47,47)
"1308598626.5951":(361,195,77,77) (274,133,61,61) (445,165,109,109) (376,166,45,45)
"1308598626.8591":(368,191,72,72) (293,127,59,59) (438,161,113,113) (381,166,47,47)
"1308598627.1271":(369,193,77,77) (297,133,59,59) (427,163,113,113) (380,167,46,46)
"1308598627.3951":(370,196,71,71) (318,129,55,55) (425,168,109,109) (363,164,75,75)
"1308598627.6631":(365,196,74,74) (317,126,56,56) (413,166,111,111) (380,170,48,48)
"1308598627.9271":(363,193,71,71) (328,123,55,55) (420,165,116,116) (378,166,45,45)
"1308598628.1952":(360,194,71,71) (331,127,55,55) (417,165,112,112) (373,168,45,45)
"1308598628.4631":(361,193,70,70) (338,126,56,56) (428,168,113,113) (376,169,45,45)
"1308598628.7271":(364,193,69,69) (341,124,56,56) (476,178,120,120)
"1308598628.9951":(354,189,77,77) (346,126,55,55) (524,199,128,128) (379,207,84,84)
"1308598629.2631":(361,197,70,70) (347,121,52,52) (513,210,129,129) (375,207,83,83)
"1308598629.5271":(358,194,77,77) (336,129,55,55) (455,241,129,129) (378,201,85,85)
"1308598629.7951":(355,192,77,77) (339,124,54,54) (437,252,132,132) (345,186,61,61) (383,211,84,84)
"1308598630.0631":(355,198,77,77) (327,125,55,55) (388,257,136,136) (334,190,59,59) (393,207,84,84)
"1308598630.3271":(352,196,71,71) (327,126,55,55) (374,261,138,138) (335,185,61,61) (386,208,83,83)
"1308598630.5951":(350,195,71,71) (322,126,55,55) (382,261,138,138) (387,207,84,84)
"1308598630.8631":(358,187,71,71) (317,127,55,55) (414,261,131,131) (379,201,82,82)
"1308598631.1271":(356,191,71,71) (443,264,125,125) (390,206,82,82)
"1308598631.3951":(348,195,76,76) (309,123,54,54) (431,259,131,131) (346,152,59,59) (392,203,84,84)
"1308598631.6631":(359,192,70,70) (302,122,54,54) (418,253,128,128) (349,150,58,58) (375,206,82,82)
"1308598631.9271":(350,193,71,71) (298,132,55,55) (435,255,133,133) (353,148,57,57) (385,205,82,82)
"1308598632.1951":(351,192,74,74) (299,124,55,55) (465,251,130,130) (357,145,56,56) (385,205,82,82)
"1308598632.4631":(352,190,75,75) (300,128,55,55) (494,266,128,128) (348,145,56,56) (384,211,83,83)
"1308598632.7271":(353,189,77,77) (289,129,55,55) (490,261,127,127) (345,146,55,55) (390,209,82,82)
"1308598632.9954":(345,196,77,77) (288,130,55,55) (486,261,126,126) (330,146,55,55) (386,208,83,83)
"1308598633.2632":(356,196,71,71) (287,132,56,56) (503,265,129,129) (326,150,54,54) (376,166,48,48) (390,208,82,82)
"1308598633.5272":(363,193,70,70) (290,128,56,56) (473,255,132,132) (334,149,52,52) (380,167,47,47) (388,212,81,81)
"1308598633.7954":(356,192,71,71) (286,126,55,55) (481,256,132,132) (331,145,55,55) (371,168,46,46) (384,212,82,82)
"1308598634.0632":(358,194,71,71) (295,130,55,55) (486,258,130,130) (331,147,55,55) (377,167,47,47) (396,209,81,81)
"1308598634.3273":(351,199,67,67) (288,124,57,57) (472,255,128,128) (337,143,55,55) (377,166,48,48) (385,206,81,81)
"1308598634.5952":(354,191,76,76) (301,130,55,55) (468,251,132,132) (339,145,55,55) (383,209,83,83)
"1308598634.8631":(358,191,71,71) (290,123,55,55) (477,255,132,132) (336,147,54,54) (388,211,82,82)
"1308598635.1290":(359,193,71,71) (290,125,55,55) (485,264,128,128) (342,148,55,55) (379,207,83,83)
"1308598635.3951":(356,191,70,70) (290,126,55,55) (480,255,128,128) (341,146,55,55) (381,206,84,84)
"1308598635.6633":(356,190,75,75) (290,129,55,55) (487,257,132,132) (331,145,55,55) (382,170,45,45) (386,209,80,80)
"1308598635.9272":(354,191,70,70) (296,132,55,55) (497,258,127,127) (342,147,55,55) (383,207,83,83)
"1308598636.1976":(361,191,71,71) (291,122,55,55) (490,258,128,128) (330,145,55,55) (384,206,83,83)
"1308598636.4631":(355,191,74,74) (290,123,56,56) (480,253,127,127) (339,148,55,55) (389,209,81,81)
"1308598636.7312":(355,187,71,71) (298,126,55,55) (477,255,131,131) (337,148,54,54) (382,209,82,82)
"1308598636.9985":(358,188,74,74) (295,128,55,55) (481,256,128,128) (335,147,55,55) (381,208,83,83)
"1308598637.2632":(357,194,70,70) (296,127,55,55) (483,257,128,128) (341,144,55,55) (386,209,83,83)
"1308598637.5311":(356,191,72,72) (300,124,55,55) (478,253,128,128) (343,145,55,55) (385,199,84,84)
"1308598637.7951":(354,194,76,76) (286,125,55,55) (483,257,129,129) (336,148,55,55) (388,206,81,81)
"1308598638.0668":(366,194,61,61) (298,127,55,55) (470,257,131,131) (340,147,55,55) (387,211,83,83)
"1308598638.3311":(348,196,71,71) (298,126,55,55) (472,252,132,132) (345,144,55,55) (391,211,81,81)
"1308598638.5970":(357,192,77,77) (296,127,55,55) (449,244,127,127) (344,147,55,55) (373,171,46,46) (386,209,83,83)
"1308598638.8657":(356,197,75,75) (295,126,55,55) (444,248,129,129) (348,147,55,55) (380,206,83,83)
"1308598639.1311":(348,199,77,77) (297,124,55,55) (426,247,131,131) (345,144,55,55) (386,206,82,82)
"1308598639.3957":(354,193,77,77) (299,128,55,55) (410,248,131,131) (340,144,55,55) (385,207,84,84)
"1308598639.6632":(357,195,70,70) (301,125,55,55) (420,252,130,130) (344,144,55,55) (390,203,83,83)
"1308598639.9334":(357,193,71,71) (296,125,55,55) (435,252,129,129) (347,145,55,55) (391,207,81,81)
"1308598640.1965":(357,193,71,71) (299,125,55,55) (450,259,127,127) (347,145,54,54) (381,209,81,81)
"1308598640.4632":(354,195,71,71) (297,125,55,55) (477,261,127,127) (356,147,55,55) (383,203,83,83)
"1308598640.7345":(345,194,77,77) (295,123,55,55) (476,255,128,128) (346,143,55,55) (384,207,81,81)
"1308598640.9952":(352,193,71,71) (297,124,55,55) (477,252,129,129) (345,145,55,55) (379,206,82,82)
"1308598641.2674":(352,196,71,71) (292,124,56,56) (486,254,132,132) (339,146,55,55) (386,204,84,84)
"1308598641.5311":(358,193,74,74) (297,126,55,55) (486,255,125,125) (343,147,55,55) (386,208,82,82)
"1308598641.8016":(361,193,71,71) (300,127,55,55) (490,251,127,127) (343,148,55,55) (382,206,82,82)
"1308598642.0712":(358,193,73,73) (289,126,55,55) (475,258,128,128) (343,148,55,55) (390,205,80,80)
"1308598642.3348":(361,194,75,75) (291,129,55,55) (490,254,128,128) (343,147,55,55) (392,208,83,83)
"1308598642.5958":(355,193,71,71) (287,129,58,58) (489,254,121,121) (339,149,55,55) (386,206,81,81)
"1308598642.8675":(353,196,76,76) (284,129,55,55) (485,259,128,128) (342,148,55,55) (378,206,83,83)
"1308598643.1311":(352,195,71,71) (293,126,55,55) (485,253,131,131) (337,149,55,55) (386,209,83,83)
"1308598643.3988":(359,192,76,76) (288,129,55,55) (478,254,131,131) (342,150,55,55) (388,210,83,83)
"1308598643.6673":(353,190,75,75) (287,129,56,56) (470,257,130,130) (339,148,55,55) (380,209,83,83)
"1308598643.9312":(357,189,71,71) (290,124,57,57) (481,256,128,128) (337,147,55,55) (377,168,47,47) (387,209,83,83)
"1308598644.1952":(358,192,71,71) (299,127,55,55) (481,254,128,128) (342,150,55,55) (377,171,46,46) (392,210,81,81)
"1308598644.4667":(359,195,73,73) (299,128,55,55) (485,255,130,130) (336,148,55,55) (381,207,82,82)
"1308598644.7367":(363,193,75,75) (298,128,55,55) (484,253,128,128) (341,147,55,55) (376,167,46,46) (383,215,84,84)
"1308598645.0000":(358,201,71,71) (299,126,55,55) (479,255,129,129) (336,147,55,55) (377,167,46,46) (384,206,81,81)
"1308598645.2633":(359,192,76,76) (298,128,55,55) (484,258,128,128) (338,143,55,55) (375,172,45,45) (385,207,83,83)
"1308598645.5312":(360,194,74,74) (302,126,55,55) (478,254,127,127) (333,147,55,55) (374,169,47,47) (391,210,81,81)
"1308598645.8070":(353,193,71,71) (294,127,55,55) (483,259,131,131) (340,148,55,55) (377,168,45,45) (395,210,84,84)
"1308598646.0633":(360,200,70,70) (295,126,55,55) (490,256,128,128) (339,149,55,55) (374,168,47,47) (389,208,82,82)
"1308598646.3394":(390,208,81,81) (297,128,55,55) (479,256,131,131) (340,147,55,55) (379,169,47,47) (352,197,76,76)
"1308598646.6034":(356,195,76,76) (297,126,55,55) (487,257,129,129) (343,149,55,55) (381,170,46,46) (387,214,83,83)
"1308598646.8701":(353,196,77,77) (300,127,55,55) (480,255,128,128) (339,147,55,55) (381,173,46,46) (388,210,82,82)
"1308598647.1348":(348,196,81,81) (293,123,55,55) (472,256,130,130) (337,149,55,55) (381,206,81,81)
"1308598647.4026":(352,195,71,71) (289,126,55,55) (473,257,128,128) (336,148,55,55) (371,170,46,46) (385,203,84,84)
"1308598647.6704":(349,194,70,70) (299,124,55,55) (491,260,128,128) (341,148,55,55) (378,166,46,46) (387,210,82,82)
"1308598647.9373":(356,189,70,70) (301,125,55,55) (479,257,128,128) (343,149,55,55) (379,165,45,45) (384,205,82,82)
"1308598648.2026":(356,200,70,70) (298,126,55,55) (474,249,131,131) (339,147,55,55) (378,170,45,45) (391,208,82,82)
"1308598648.4631":(354,187,76,76) (297,128,57,57) (483,255,128,128) (342,151,55,55) (379,170,46,46) (390,208,81,81)
"1308598648.7347":(348,194,71,71) (293,128,58,58) (497,254,127,127) (339,146,55,55) (377,168,46,46) (390,209,81,81)
"1308598648.9992":(362,193,62,62) (293,127,58,58) (487,250,127,127) (340,145,55,55) (377,165,46,46) (387,206,83,83)
"1308598649.2688":(346,192,76,76) (292,131,58,58) (476,254,128,128) (341,150,55,55) (377,168,45,45) (391,214,83,83)
"1308598649.5369":(354,191,72,72) (294,127,58,58) (481,253,125,125) (344,145,55,55) (378,169,47,47) (383,208,83,83)
"1308598649.8034":(355,198,71,71) (291,127,59,59) (483,249,126,126) (338,144,55,55) (380,169,45,45) (388,202,83,83)
"1308598650.0631":(355,192,77,77) (287,123,58,58) (482,255,123,123) (342,144,55,55) (376,167,47,47) (374,208,81,81)
"1308598650.3411":(350,190,75,75) (293,126,58,58) (478,256,127,127) (344,149,55,55) (377,169,45,45) (385,203,83,83)
"1308598650.6020":(347,196,76,76) (291,127,59,59) (472,251,127,127) (351,144,55,55) (379,164,44,44) (383,203,83,83)
"1308598650.8630":(355,188,75,75) (285,125,59,59) (474,254,127,127) (353,144,55,55) (381,204,84,84)
"1308598651.1381":(358,193,73,73) (286,128,58,58) (475,253,128,128) (352,144,55,55) (382,207,83,83)
"1308598651.3989":(352,189,71,71) (289,127,57,57) (474,253,127,127) (352,146,55,55) (383,204,80,80)
"1308598651.6631":(349,189,77,77) (292,127,58,58) (469,254,124,124) (350,147,55,55) (376,208,81,81)
"1308598651.9310":(346,187,75,75) (292,126,58,58) (481,251,125,125) (342,146,55,55) (384,201,82,82)
"1308598652.1990":(345,179,74,74) (292,126,58,58) (470,252,126,126) (339,146,55,55) (387,208,82,82)
"1308598652.4656":(339,181,72,72) (289,123,55,55) (468,253,125,125) (342,143,55,55) (378,205,82,82)
"1308598652.7335":(343,181,71,71) (289,126,56,56) (470,250,124,124) (341,149,55,55) (376,171,45,45) (385,207,84,84)
"1308598653.0030":(343,178,73,73) (295,124,57,57) (470,250,125,125) (338,145,56,56) (380,170,45,45) (390,210,85,85)
"1308598653.2631":(352,188,70,70) (296,129,57,57) (469,251,124,124) (341,145,55,55) (381,170,46,46) (384,204,84,84)
"1308598653.5335":(369,188,74,74) (293,122,56,56) (470,256,128,128) (334,145,55,55) (392,206,81,81)
"1308598653.8086":(365,185,78,78) (291,126,58,58) (481,255,124,124) (333,147,56,56) (383,208,82,82)
"1308598654.0657":(365,188,74,74) (292,124,57,57) (475,256,128,128) (337,145,55,55) (377,206,83,83)
"1308598654.3336":(369,190,78,78) (288,123,57,57) (471,254,128,128) (336,148,55,55) (373,169,46,46) (379,208,81,81)
"1308598654.6015":(369,192,78,78) (293,121,57,57) (463,251,124,124) (336,147,55,55) (372,166,47,47) (384,206,82,82)
"1308598654.8670":(377,192,71,71) (289,125,58,58) (483,250,124,124) (343,147,55,55) (379,166,47,47) (386,210,83,83)
"1308598655.1336":(372,188,71,71) (295,124,56,56) (469,252,123,123) (334,147,55,55) (379,170,45,45) (391,208,84,84)
"1308598655.4019":(376,192,70,70) (299,125,56,56) (463,246,125,125) (338,145,56,56) (375,170,46,46) (385,207,83,83)
"1308598655.6701":(378,199,68,68) (295,128,58,58) (472,256,127,127) (349,144,55,55) (380,167,46,46) (394,206,82,82)
"1308598655.9336":(369,195,70,70) (294,127,58,58) (473,251,128,128) (358,144,56,56) (386,209,84,84)
"1308598656.2016":(365,193,78,78) (284,128,58,58) (472,251,124,124) (362,147,55,55) (384,202,84,84)
"1308598656.4695":(375,199,70,70) (286,125,59,59) (470,249,126,126) (361,148,55,55) (382,209,82,82)
"1308598656.7311":(367,195,74,74) (277,126,59,59) (469,252,128,128) (358,146,55,55) (395,206,82,82)
"1308598657.0017":(367,193,74,74) (285,126,57,57) (467,257,128,128) (360,146,55,55) (385,208,83,83)
"1308598657.2695":(370,194,74,74) (294,129,56,56) (475,256,124,124) (359,146,55,55) (386,206,84,84)
"1308598657.5312":(369,198,78,78) (292,126,57,57) (477,252,127,127) (357,145,55,55) (389,210,81,81)
"1308598657.7991":(375,192,74,74) (292,126,57,57) (463,253,124,124) (354,145,55,55) (387,204,83,83)
"1308598658.0728":(366,198,74,74) (296,127,57,57) (468,251,127,127) (359,147,55,55) (383,207,84,84)
"1308598658.3322":(370,199,71,71) (304,128,58,58) (480,250,123,123) (357,148,55,55) (385,202,81,81)
"1308598658.5992":(377,192,74,74) (314,125,55,55) (465,251,126,126) (363,150,56,56) (394,203,83,83)
"1308598658.8671":(306,128,56,56) (474,254,125,125) (359,146,55,55) (389,211,83,83)
"1308598659.1311":(370,197,76,76) (285,126,55,55) (475,248,128,128) (362,147,55,55) (385,210,81,81)
"1308598659.3991":(374,197,72,72) (266,124,55,55) (464,251,129,129) (359,144,55,55) (385,205,82,82)
"1308598659.6671":(369,196,74,74) (263,127,57,57) (454,254,127,127) (352,144,55,55) (393,208,84,84)
"1308598659.9311":(374,192,74,74) (261,127,57,57) (468,249,125,125) (344,148,55,55) (376,169,46,46) (394,206,81,81)
"1308598660.1992":(382,199,71,71) (259,125,58,58) (470,253,128,128) (331,146,55,55) (372,165,47,47) (386,201,84,84)
"1308598660.4671":(376,196,62,62) (255,127,58,58) (470,250,128,128) (321,147,52,52) (375,168,47,47) (382,209,81,81)
"1308598660.7311":(368,197,80,80) (255,128,59,59) (463,251,128,128) (312,146,55,55) (376,168,46,46) (392,213,81,81)
"1308598660.9991":(373,194,70,70) (253,122,60,60) (466,248,128,128) (312,150,55,55) (374,164,47,47) (396,211,80,80)
"1308598661.2671":(372,191,69,69) (-82,2596,804,804) (464,251,128,128) (305,151,61,61) (375,167,47,47) (384,208,83,83)
"1308598661.5312":(380,192,70,70) (250,126,60,60) (471,255,128,128) (304,148,54,54) (377,168,46,46) (384,209,83,83)
"1308598661.7991":(377,199,60,60) (245,128,60,60) (476,252,125,125) (298,149,55,55) (379,165,46,46) (389,208,82,82)
"1308598662.0671":(374,190,71,71) (246,129,60,60) (488,255,124,124) (289,149,55,55) (375,168,46,46) (388,214,81,81)
"1308598662.3312":(374,189,77,77) (243,129,61,61) (476,254,123,123) (298,148,56,56) (375,165,46,46) (389,205,81,81)
"1308598662.5991":(367,201,73,73) (259,128,44,44) (475,251,128,128) (291,150,62,62) (375,167,46,46) (390,214,81,81)
"1308598662.8671":(365,194,74,74) (256,127,61,61) (463,245,124,124) (290,147,55,55) (374,166,46,46) (389,206,82,82)
"1308598663.1351":(367,196,72,72) (257,128,60,60) (475,249,123,123) (288,144,61,61) (380,168,46,46) (387,209,82,82)
"1308598663.3991":(366,197,74,74) (253,126,61,61) (471,248,130,130) (285,146,55,55) (372,169,48,48) (389,211,82,82)
"1308598663.6671":(379,195,65,65) (253,127,61,61) (481,249,126,126) (292,142,62,62) (377,166,47,47) (392,203,83,83)
"1308598663.9351":(374,199,73,73) (259,126,61,61) (465,248,124,124) (295,146,55,55) (374,168,46,46) (384,203,81,81)
"1308598664.1992":(371,192,70,70) (257,126,59,59) (462,244,125,125) (294,146,54,54) (373,165,47,47) (374,206,83,83)
"1308598664.4671":(377,190,73,73) (253,128,61,61) (462,248,123,123) (295,146,55,55) (377,169,47,47) (393,205,82,82)
"1308598664.7351":(371,191,70,70) (259,127,58,58) (466,253,127,127) (291,148,55,55) (377,166,46,46) (390,210,81,81)
"1308598664.9991":(371,193,68,68) (248,127,59,59) (475,252,127,127) (298,144,55,55) (376,166,47,47) (376,205,81,81)
"1308598665.2671":(371,191,69,69) (258,128,61,61) (470,251,128,128) (287,143,55,55) (376,164,48,48) (379,215,81,81)
"1308598665.5351":(367,194,73,73) (254,130,61,61) (471,249,128,128) (296,145,55,55) (374,165,47,47) (388,209,83,83)
"1308598665.7991":(374,194,65,65) (261,125,61,61) (474,251,127,127) (289,149,55,55) (378,168,47,47) (383,210,85,85)
"1308598666.0671":(367,191,74,74) (258,128,60,60) (471,249,128,128) (289,146,55,55) (374,166,46,46) (379,212,84,84)
"1308598666.3351":(366,192,74,74) (257,123,61,61) (482,247,130,130) (291,145,55,55) (376,163,49,49) (386,213,80,80)
"1308598666.5991":(360,188,73,73) (257,125,59,59) (480,253,124,124) (290,144,56,56) (376,166,46,46) (392,206,81,81)
"1308598666.8671":(374,199,71,71) (255,123,60,60) (475,250,128,128) (297,147,41,41) (380,168,46,46) (388,208,81,81)
"1308598667.1351":(369,189,72,72) (260,130,61,61) (459,247,128,128) (290,148,55,55) (379,170,47,47) (380,201,83,83)
"1308598667.3991":(363,196,74,74) (257,130,61,61) (476,254,124,124) (289,144,55,55) (371,167,48,48) (380,203,83,83)
"1308598667.6671":(370,192,74,74) (252,126,60,60) (463,249,126,126) (296,145,55,55) (377,169,47,47) (385,208,81,81)
"1308598667.9353":(378,199,71,71) (259,124,61,61) (475,254,124,124) (298,145,55,55) (376,166,46,46) (393,213,81,81)
"1308598668.7352":(366,198,74,74) (253,124,62,62) (469,253,126,126) (290,143,55,55) (375,165,47,47) (393,211,81,81)
"1308598668.9991":(367,188,74,74) (253,127,62,62) (471,247,126,126) (295,138,54,54) (371,165,46,46) (383,207,82,82)
"1308598669.2671":(368,198,71,71) (262,126,62,62) (476,248,126,126) (295,145,55,55) (374,168,47,47) (387,210,82,82)
"1308598670.3352":(354,188,71,71) (253,129,60,60) (462,247,128,128) (298,149,55,55) (386,206,84,84)
"1308598670.5992":(354,185,73,73) (254,129,60,60) (470,243,128,128) (298,144,55,55) (385,206,81,81)
"1308598670.8672":(349,183,70,70) (252,127,61,61) (466,247,126,126) (298,152,55,55) (386,205,82,82)
"1308598671.1360":(349,182,70,70) (258,127,61,61) (463,248,128,128) (297,147,55,55) (383,202,81,81)
"1308598671.6672":(351,188,70,70) (255,127,60,60) (474,244,129,129) (297,149,55,55) (383,213,81,81)
"1308598671.9353":(348,185,70,70) (258,128,61,61) (465,252,128,128) (292,148,62,62) (387,213,84,84)
"1308598672.2032":(346,191,71,71) (252,129,61,61) (460,249,128,128) (297,148,54,54) (375,207,83,83)
"1308598673.0032":(357,191,70,70) (249,128,61,61) (466,250,129,129) (302,152,55,55) (388,208,82,82)
"1308598673.5351":(362,189,70,70) (261,128,59,59) (474,242,129,129) (298,147,54,54) (387,204,85,85)
"1308598673.8063":(344,184,77,77) (249,126,60,60) (469,247,127,127) (295,152,55,55) (386,206,84,84)
"1308598674.0673":(357,183,70,70) (259,130,59,59) (475,252,126,126) (296,147,55,55) (379,208,84,84)
"1308598674.6069":(353,192,71,71) (258,128,61,61) (466,251,127,127) (295,146,54,54) (381,207,83,83)
"1308598674.8672":(351,194,76,76) (254,127,61,61) (463,259,126,126) (299,149,55,55) (389,200,81,81)
"1308598675.1351":(357,193,70,70) (265,127,43,43) (461,251,127,127) (299,145,53,53) (381,214,81,81)
"1308598675.9352":(353,194,76,76) (254,130,62,62) (480,248,128,128) (294,145,53,53) (361,160,45,45) (381,212,82,82)
"1308598676.2032":(361,189,71,71) (255,128,60,60) (469,250,127,127) (297,145,55,55) (361,166,47,47) (383,208,82,82)
"1308598676.7356":(360,188,77,77) (252,125,60,60) (477,252,127,127) (294,144,55,55) (360,171,45,45) (389,205,82,82)
"1308598677.0032":(353,187,72,72) (258,127,61,61) (471,253,124,124) (294,147,53,53) (361,162,46,46) (383,215,81,81)
"1308598677.5420":(351,194,71,71) (257,128,60,60) (462,252,128,128) (298,146,55,55) (364,165,46,46) (389,207,83,83)
"1308598678.6032":(361,193,71,71) (255,126,61,61) (489,256,128,128) (292,147,52,52) (363,169,45,45) (387,203,81,81)
"1308598678.8674":(357,191,67,67) (245,128,61,61) (479,249,128,128) (291,150,55,55) (363,169,45,45) (385,212,85,85)
"1308598679.4033":(362,185,70,70) (249,123,61,61) (470,254,128,128) (295,144,54,54) (363,164,46,46) (387,202,83,83)
"1308598679.6720":(351,192,71,71) (256,134,61,61) (470,255,128,128) (305,143,41,41) (358,164,45,45) (385,205,82,82)
"1308598679.9362":(359,193,71,71) (257,125,59,59) (473,256,128,128) (297,147,55,55) (370,163,46,46) (380,200,80,80)
"1308598680.2030":(359,193,71,71) (256,127,61,61) (472,248,124,124) (290,145,55,55) (369,165,46,46) (383,205,82,82)
"1308598680.4672":(358,195,62,62) (259,126,62,62) (467,249,125,125) (283,146,55,55) (367,162,46,46) (389,207,77,77)
"1308598680.7360":(349,198,70,70) (259,124,61,61) (463,252,126,126) (293,141,55,55) (388,206,84,84)
"1308598681.0086":(353,196,76,76) (260,125,58,58) (473,251,128,128) (291,146,61,61) (378,206,81,81)
"1308598681.8041":(358,193,78,78) (261,124,61,61) (469,251,128,128) (285,144,61,61) (378,207,81,81)
"1308598682.0734":(352,192,81,81) (257,128,58,58) (478,248,124,124) (291,147,55,55) (386,207,83,83)
"1308598682.3398":(351,194,78,78) (259,129,58,58) (473,250,128,128) (288,146,55,55) (384,210,84,84)
"1308598682.6091":(358,193,78,78) (254,127,60,60) (465,252,126,126) (297,151,55,55) (387,202,81,81)
"1308598683.6712":(351,195,76,76) (262,128,58,58) (485,253,123,123) (285,149,52,52) (380,206,83,83)
"1308598684.7407":(346,189,76,76) (254,124,59,59) (468,250,127,127) (289,147,62,62) (382,206,82,82)
"1308598685.0031":(359,199,77,77) (253,127,60,60) (472,248,120,120) (288,151,55,55) (384,207,84,84)
"1308598686.3472":(364,192,81,81) (255,124,59,59) (477,254,127,127) (284,151,59,59) (385,208,81,81)
