"1308767967.0348":(490,285,638,433) (374,168,420,214) (283,128,340,185) (474,245,592,363)
"1308767967.2957":(489,287,638,436) (377,167,423,213) (277,128,336,187) (480,247,598,365)
"1308767967.5637":(487,287,636,436) (376,169,422,215) (282,130,339,187) (472,244,590,362)
"1308767967.8317":(486,292,635,441) (372,170,418,216) (275,130,333,188) (482,246,601,365)
"1308767968.0988":(493,287,641,435) (378,172,424,218) (279,133,337,191) (475,245,593,363)
"1308767968.3637":(492,288,641,437) (375,171,422,218) (275,132,333,190) (476,242,595,361)
"1308767968.6317":(493,288,642,437) (378,170,425,217) (275,134,333,192) (480,243,598,361)
"1308767968.8957":(488,287,637,436) (374,169,420,215) (271,131,328,188) (469,240,588,359)
"1308767969.1637":(494,284,643,433) (370,169,416,215) (277,131,335,189) (471,248,589,366)
"1308767969.4358":(504,290,653,439) (373,169,420,216) (275,133,333,191) (469,242,589,362)
"1308767969.6957":(493,295,642,444) (374,166,421,213) (273,132,330,189) (470,244,588,362)
"1308767969.9637":(488,280,637,429) (378,168,425,215) (278,128,335,185) (475,245,593,363)
"1308767970.2316":(493,295,641,443) (377,175,424,222) (277,132,335,190) (471,244,589,362)
"1308767970.4957":(493,294,641,442) (377,171,425,219) (273,132,330,189) (476,249,594,367)
"1308767970.7667":(491,295,640,444) (377,173,424,220) (281,129,339,187) (476,242,596,362)
"1308767971.0354":(486,300,635,449) (377,168,424,215) (272,130,330,188) (470,243,590,363)
"1308767971.2957":(489,293,638,442) (373,167,420,214) (280,131,339,190) (477,253,596,372)
"1308767971.5637":(503,294,653,444) (378,172,425,219) (282,133,340,191) (470,243,589,362)
"1308767971.8317":(501,290,650,439) (370,169,417,216) (280,135,338,193) (480,246,601,367)
"1308767972.0957":(500,290,651,441) (374,171,421,218) (282,138,340,196) (478,241,595,358)
"1308767972.3642":(497,291,646,440) (373,167,421,215) (286,134,345,193) (474,242,591,359)
"1308767972.6317":(494,287,643,436) (373,168,420,215) (286,135,344,193) (470,245,589,364)
"1308767972.8997":(477,294,626,443) (372,167,417,212) (282,129,339,186) (477,245,595,363)
"1308767973.1637":(498,296,648,446) (373,174,418,219) (280,129,339,188) (478,254,597,373)
"1308767973.4317":(495,290,645,440) (374,171,420,217) (278,137,335,194) (480,251,598,369)
"1308767973.6999":(497,288,646,437) (372,170,419,217) (286,132,343,189) (483,249,603,369)
"1308767973.9637":(505,298,654,447) (369,171,417,219) (279,140,337,198) (478,241,594,357)
"1308767974.2318":(496,291,645,440) (372,173,419,220) (281,133,339,191) (491,243,610,362)
"1308767974.4997":(503,296,653,446) (371,170,419,218) (279,131,337,189) (480,246,599,365)
"1308767974.7669":(489,291,638,440) (371,169,418,216) (276,130,334,188) (474,248,594,368)
"1308767975.0317":(500,287,651,438) (369,167,417,215) (274,130,332,188) (478,243,598,363)
"1308767975.2998":(490,298,639,447) (372,173,420,221) (281,130,338,187) (478,242,597,361)
"1308767975.5638":(506,288,646,428) (375,170,423,218) (277,135,334,192) (484,248,605,369)
"1308767975.8317":(498,298,652,452) (371,168,420,217) (276,130,334,188) (484,246,602,364)
"1308767976.0997":(492,297,646,451) (377,168,427,218) (279,131,338,190) (475,245,597,367)
"1308767976.3684":(496,289,649,442) (380,167,429,216) (277,130,335,188) (472,249,596,373)
"1308767976.6317":(504,296,659,451) (378,173,428,223) (280,129,338,187) (472,252,596,376)
"1308767976.8997":(496,294,650,448) (377,168,425,216) (278,131,336,189) (468,241,592,365)
"1308767977.1701":(496,291,650,445) (377,168,426,217) (277,132,334,189) (472,250,596,374)
"1308767977.4350":(502,289,656,443) (375,172,425,222) (273,133,330,190) (476,245,596,365)
"1308767977.6997":(496,297,650,451) (373,170,423,220) (278,129,336,187) (478,243,600,365)
"1308767977.9638":(491,287,645,441) (371,174,420,223) (276,132,334,190) (478,245,602,369)
"1308767978.2366":(502,291,656,445) (376,170,425,219) (274,129,332,187) (473,247,595,369)
"1308767978.5024":(506,292,657,443) (371,168,420,217) (277,138,334,195) (479,247,602,370)
"1308767978.7637":(498,292,652,446) (375,169,424,218) (272,129,329,186) (478,246,598,366)
"1308767979.0371":(490,286,640,436) (381,166,428,213) (278,132,336,190) (489,243,607,361)
"1308767979.3021":(494,290,647,443) (374,177,422,225) (279,129,336,186) (475,250,595,370)
"1308767979.5637":(494,289,646,441) (377,172,425,220) (279,133,336,190) (482,240,602,360)
"1308767979.8360":(502,293,654,445) (377,168,425,216) (279,136,337,194) (467,250,603,386)
"1308767980.1029":(503,293,656,446) (379,167,426,214) (271,140,329,198) (479,244,602,367)
"1308767980.3678":(497,294,650,447) (375,173,423,221) (279,138,336,195) (479,251,598,370)
"1308767980.6350":(496,286,647,437) (372,174,420,222) (278,130,336,188) (474,256,595,377)
"1308767980.9058":(491,313,643,465) (373,173,421,221) (277,128,335,186) (473,254,593,374)
"1308767981.1647":(509,293,659,443) (368,168,416,216) (278,130,335,187) (474,248,593,367)
"1308767981.4319":(494,290,646,442) (373,167,421,215) (281,135,338,192) (487,249,610,372)
"1308767981.7026":(487,287,639,439) (370,172,418,220) (276,132,334,190) (477,246,596,365)
"1308767981.9729":(503,291,653,441) (367,170,415,218) (285,128,335,178) (484,255,604,375)
"1308767982.2318":(494,290,647,443) (367,169,415,217) (280,134,341,195) (485,247,605,367)
"1308767982.4998":(498,303,649,454) (372,166,420,214) (278,128,336,186) (488,249,607,368)
"1308767982.7677":(505,294,656,445) (375,170,423,218) (281,143,340,202) (483,243,603,363)
"1308767983.0321":(489,302,639,452) (366,162,415,211) (272,133,329,190) (487,250,607,370)
"1308767983.3020":(486,293,637,444) (369,179,418,228) (275,129,332,186) (483,254,602,373)
"1308767983.5733":(494,292,643,441) (365,169,414,218) (274,132,332,190) (469,238,588,357)
"1308767983.8380":(491,295,644,448) (373,173,421,221) (283,134,342,193) (474,247,592,365)
"1308767984.1048":(504,299,657,452) (370,170,418,218) (283,129,341,187) (476,250,598,372)
"1308767984.3700":(499,288,650,439) (373,169,421,217) (276,130,335,189) (475,259,598,382)
"1308767984.6420":(500,301,652,453) (373,170,421,218) (269,133,327,191) (483,259,604,380)
"1308767984.9052":(491,309,645,463) (376,170,423,217) (279,135,336,192) (478,244,598,364)
"1308767985.1678":(499,304,652,457) (376,168,425,217) (275,131,332,188) (484,243,609,368)
"1308767985.4374":(495,292,646,443) (368,163,420,215) (275,132,332,189) (477,257,597,377)
"1308767985.7020":(503,283,654,434) (362,168,410,216) (273,135,330,192) (480,247,598,365)
"1308767985.9677":(505,302,658,455) (371,178,419,226) (270,131,328,189) (469,254,589,374)
"1308767986.2354":(371,168,420,217) (281,137,338,194) (474,251,595,372)
"1308767986.5031":(485,294,635,444) (368,175,416,223) (274,129,332,187) (473,259,596,382)
"1308767986.7677":(495,291,646,442) (366,165,415,214) (281,127,340,186) (477,242,600,365)
"1308767987.0375":(505,288,656,439) (376,169,424,217) (282,135,341,194) (484,255,605,376)
"1308767987.3041":(505,294,656,445) (373,166,422,215) (283,135,341,193) (479,246,598,365)
"1308767987.5743":(509,299,662,452) (374,166,422,214) (286,130,343,187) (479,248,594,363)
"1308767987.8317":(508,291,659,442) (375,167,424,216) (273,140,331,198) (464,242,587,365)
"1308767988.1044":(494,293,645,444) (373,169,421,217) (284,135,343,194) (475,240,594,359)
"1308767988.3734":(500,290,651,441) (375,164,424,213) (275,136,334,195) (480,244,602,366)
"1308767988.6333":(498,287,648,437) (372,167,421,216) (278,148,336,206) (478,254,597,373)
"1308767988.9039":(506,289,658,441) (371,167,418,214) (279,127,336,184) (481,245,601,365)
"1308767989.1726":(502,290,652,440) (373,169,422,218) (274,130,332,188) (482,245,603,366)
"1308767989.4351":(493,282,641,430) (369,169,417,217) (276,131,334,189) (487,258,607,378)
"1308767989.7048":(488,296,636,444) (369,170,417,218) (274,130,332,188) (477,252,597,372)
"1308767989.9696":(496,290,646,440) (366,164,416,214) (266,126,324,184) (483,246,606,369)
"1308767990.2332":(505,304,656,455) (368,167,416,215) (269,135,328,194) (484,254,603,373)
"1308767990.5014":(494,283,644,433) (367,156,416,205) (268,128,325,185) (488,244,604,360)
"1308767990.7745":(491,305,642,456) (374,173,423,222) (272,130,330,188) (484,245,602,363)
"1308767991.0357":(479,287,627,435) (367,167,416,216) (271,127,330,186) (484,247,606,369)
"1308767991.3012":(493,286,642,435) (364,166,414,216) (273,129,332,188) (472,261,592,381)
"1308767991.5693":(505,297,658,450) (372,166,420,214) (272,130,331,189) (477,246,598,367)
"1308767991.8373":(504,292,655,443) (363,169,412,218) (273,136,331,194) (480,251,600,371)
"1308767992.1056":(499,282,650,433) (366,168,413,215) (277,132,335,190) (480,249,601,370)
"1308767992.3692":(509,288,658,437) (363,169,411,217) (258,128,316,186) (483,245,604,366)
"1308767992.6372":(498,285,648,435) (373,170,420,217) (278,128,335,185) (481,245,605,369)
"1308767992.9013":(502,291,653,442) (373,167,422,216) (278,131,336,189) (476,251,598,373)
"1308767993.1693":(493,287,644,438) (369,169,417,217) (269,129,327,187) (461,241,580,360)
"1308767993.4372":(489,284,639,434) (368,168,417,217) (275,133,334,192) (461,238,583,360)
"1308767993.6997":(494,296,645,447) (372,171,421,220) (279,131,336,188) (463,244,585,366)
"1308767993.9692":(498,288,650,440) (372,167,421,216) (282,137,339,194) (476,243,599,366)
"1308767994.2372":(493,288,643,438) (372,169,421,218) (275,132,334,191) (487,249,608,370)
"1308767994.4997":(489,290,641,442) (374,170,423,219) (275,137,335,197) (478,246,598,366)
"1308767994.7677":(497,294,645,442) (376,170,425,219) (272,127,331,186) (484,247,604,367)
"1308767995.0374":(498,295,648,445) (370,169,421,220) (276,140,335,199) (483,254,603,374)
"1308767995.2997":(490,286,641,437) (367,168,416,217) (278,130,336,188) (479,243,599,363)
"1308767995.5677":(497,289,649,441) (374,171,422,219) (277,129,334,186) (480,250,596,366)
"1308767995.8357":(507,287,656,436) (374,168,423,217) (278,130,336,188) (482,245,603,366)
"1308767996.0997":(499,298,650,449) (376,170,424,218) (275,128,333,186) (488,246,606,364)
"1308767996.3677":(500,293,651,444) (371,170,419,218) (275,136,333,194) (493,246,613,366)
"1308767996.6362":(498,289,649,440) (372,167,421,216) (270,133,328,191) (506,256,574,324)
"1308767996.8997":(495,289,646,440) (372,171,421,220) (276,129,334,187) (484,245,600,361)
"1308767997.1677":(490,286,640,436) (375,169,424,218) (276,126,333,183) (487,251,611,375)
"1308767997.4357":(498,294,653,449) (370,172,419,221) (269,125,328,184) (484,244,608,368)
"1308767997.6997":(496,284,647,435) (373,173,422,222) (271,125,328,182) (485,247,605,367)
"1308767997.9678":(497,299,646,448) (371,168,420,217) (273,137,331,195) (487,255,607,375)
"1308767998.2357":(507,299,657,449) (370,167,419,216) (272,136,331,195) (487,255,607,375)
"1308767998.4999":(502,288,651,437) (368,172,417,221) (276,131,336,191) (493,242,612,361)
"1308767998.7677":(496,287,648,439) (376,168,425,217) (271,129,328,186) (497,243,616,362)
"1308767999.0357":(495,289,647,441) (373,173,421,221) (270,129,328,187) (492,247,613,368)
"1308767999.2997":(495,287,649,441) (373,168,422,217) (278,126,335,183) (494,244,612,362)
"1308767999.5677":(499,294,650,445) (368,163,417,212) (268,128,325,185) (495,238,613,356)
"1308767999.8356":(499,297,650,448) (375,163,422,210) (274,126,332,184) (492,239,613,360)
"1308768000.1037":(499,293,649,443) (373,166,421,214) (272,127,330,185) (485,242,605,362)
"1308768000.3677":(490,308,642,460) (369,169,418,218) (273,127,331,185) (525,245,592,312)
"1308768000.6356":(500,296,653,449) (373,168,422,217) (274,131,332,189) (488,247,605,364)
"1308768000.9037":(496,298,649,451) (374,167,422,215) (277,130,336,189) (482,243,605,366)
"1308768001.1677":(502,287,655,440) (366,171,415,220) (276,128,335,187) (491,245,608,362)
"1308768001.4357":(501,295,650,444) (374,167,423,216) (278,130,336,188) (480,248,600,368)
"1308768001.7037":(493,300,644,451) (373,171,422,220) (272,125,330,183) (483,243,605,365)
"1308768001.9677":(483,283,635,435) (371,175,420,224) (277,142,335,200) (486,247,605,366)
"1308768002.2357":(499,293,652,446) (369,169,418,218) (273,130,330,187) (478,247,596,365)
"1308768002.5037":(502,294,653,445) (369,169,418,218) (278,130,336,188) (486,252,605,371)
"1308768002.7677":(498,294,649,445) (363,163,420,220) (273,127,331,185) (492,245,612,365)
"1308768003.0357":(496,284,645,433) (369,166,418,215) (268,120,325,177) (493,247,612,366)
"1308768003.3037":(506,289,657,440) (370,163,418,211) (271,126,328,183) (488,244,606,362)
"1308768003.5677":(507,287,659,439) (369,168,418,217) (273,128,331,186) (502,246,571,315)
"1308768003.8357":(486,286,638,438) (373,168,422,217) (270,135,328,193) (484,243,603,362)
"1308768004.1037":(490,291,642,443) (364,172,413,221) (272,128,329,185) (488,247,607,366)
"1308768004.3677":(496,294,647,445) (366,167,420,221) (266,129,324,187) (485,253,606,374)
"1308768004.6357":(497,289,649,441) (366,168,415,217) (270,129,328,187) (489,241,605,357)
"1308768004.9037":(496,289,648,441) (370,171,419,220) (274,131,332,189) (491,246,612,367)
"1308768005.1679":(500,291,652,443) (368,170,416,218) (272,130,330,188) (480,259,598,377)
"1308768005.4357":(482,295,633,446) (369,171,416,218) (273,131,331,189) (479,244,598,363)
"1308768005.7037":(505,292,658,445) (373,166,421,214) (270,130,330,190) (483,239,605,361)
"1308768005.9677":(491,288,643,440) (368,167,416,215) (275,130,332,187) (480,241,601,362)
"1308768006.2357":(507,291,659,443) (366,166,415,215) (271,129,329,187) (487,241,608,362)
"1308768006.5037":(499,293,651,445) (373,171,422,220) (277,130,336,189) (484,247,604,367)
"1308768006.7711":(507,283,659,435) (372,167,421,216) (270,133,328,191) (483,248,603,368)
"1308768007.0357":(500,292,653,445) (371,164,420,213) (269,127,327,185) (482,240,601,359)
"1308768007.3037":(495,288,646,439) (368,166,417,215) (269,126,327,184) (483,237,602,356)
"1308768007.5678":(509,288,661,440) (368,168,417,217) (270,125,327,182) (463,237,581,355)
"1308768007.8357":(501,280,651,430) (369,166,418,215) (271,129,329,187) (472,234,591,353)
"1308768008.1037":(495,285,647,437) (366,166,414,214) (275,130,332,187) (477,238,596,357)
"1308768008.3677":(498,287,650,439) (371,173,420,222) (274,123,332,181) (487,240,604,357)
"1308768008.6357":(497,279,647,429) (373,173,422,222) (270,135,328,193) (485,238,602,355)
"1308768008.9037":(499,282,649,432) (374,177,422,225) (275,128,334,187) (487,239,604,356)
"1308768009.1717":(494,281,646,433) (368,168,417,217) (269,133,328,192) (478,248,597,367)
"1308768009.4357":(499,287,646,434) (366,166,415,215) (275,133,333,191) (476,251,594,369)
"1308768009.7037":(498,292,648,442) (371,168,419,216) (264,127,321,184) (489,242,608,361)
"1308768009.9717":(502,286,649,433) (367,168,416,217) (269,127,327,185) (476,239,595,358)
"1308768010.2380":(501,281,654,434) (369,162,418,211) (272,127,330,185) (489,240,603,354)
"1308768010.5054":(509,288,660,439) (371,163,420,212) (277,126,334,183) (489,231,608,350)
"1308768010.7739":(491,280,644,433) (369,169,417,217) (270,126,328,184) (481,240,601,360)
"1308768011.0368":(491,283,640,432) (372,174,421,223) (269,130,326,187) (479,248,598,367)
"1308768011.3037":(493,285,643,435) (369,172,418,221) (276,131,335,190) (479,252,600,373)
"1308768011.5717":(485,284,635,434) (377,167,426,216) (272,127,330,185) (483,244,602,363)
"1308768011.8369":(490,287,640,437) (376,165,425,214) (269,135,328,194) (480,252,600,372)
"1308768012.1046":(491,283,640,432) (380,166,427,213) (272,146,329,203) (478,236,597,355)
"1308768012.3718":(489,287,638,436) (378,167,424,213) (266,125,324,183) (481,237,599,355)
"1308768012.6357":(488,294,638,444) (370,171,419,220) (265,132,322,189) (477,237,596,356)
"1308768012.9039":(478,297,627,446) (364,164,413,213) (263,130,321,188) (481,238,601,358)
"1308768013.1749":(499,287,650,438) (368,168,417,217) (268,122,326,180) (478,246,597,365)
"1308768013.4358":(501,285,650,434) (371,169,419,217) (275,121,333,179) (477,238,597,358)
"1308768013.7037":(496,284,646,434) (365,168,414,217) (275,128,333,186) (488,246,606,364)
"1308768013.9717":(500,281,651,432) (369,167,418,216) (277,132,336,191) (487,241,607,361)
"1308768014.2357":(493,282,641,430) (366,167,414,215) (271,126,328,183) (491,238,605,352)
"1308768014.5049":(496,279,646,429) (365,168,413,216) (270,130,328,188) (487,239,603,355)
"1308768014.7782":(492,291,642,441) (362,167,410,215) (272,124,330,182) (478,240,613,375)
"1308768015.0365":(492,279,642,429) (368,166,416,214) (273,121,331,179) (480,248,600,368)
"1308768015.3039":(492,282,642,432) (367,163,415,211) (265,123,323,181) (519,239,588,308)
"1308768015.5717":(493,278,645,430) (365,168,413,216) (275,127,332,184) (477,239,595,357)
"1308768015.8357":(496,280,645,429) (364,167,413,216) (269,127,326,184) (471,246,589,364)
"1308768016.1101":(499,282,650,433) (363,165,412,214) (270,135,328,193) (471,232,588,349)
"1308768016.3729":(490,286,642,438) (367,166,415,214) (273,127,331,185) (484,243,600,359)
"1308768016.6357":(492,281,641,430) (373,164,421,212) (269,126,329,186) (471,253,587,369)
"1308768016.9062":(498,282,647,431) (379,164,428,213) (277,124,336,183) (475,245,593,363)
"1308768017.1718":(492,284,641,433) (373,163,421,211) (275,126,333,184) (487,241,606,360)
"1308768017.4406":(496,277,645,426) (372,170,421,219) (273,122,331,180) (487,239,604,356)
"1308768017.7038":(496,283,645,432) (372,166,420,214) (280,128,337,185) (485,240,604,359)
"1308768017.9755":(496,279,647,430) (368,168,416,216) (278,127,335,184) (483,238,601,356)
"1308768018.2443":(492,282,642,432) (370,170,418,218) (279,126,337,184) (487,242,607,362)
"1308768018.5038":(497,283,646,432) (377,166,425,214) (274,129,332,187) (474,237,592,355)
"1308768018.7720":(498,280,649,431) (373,169,421,217) (274,133,332,191) (479,234,598,353)
"1308768019.0398":(496,281,645,430) (378,166,425,213) (272,124,330,182) (482,243,602,363)
"1308768019.3087":(494,285,644,435) (374,165,422,213) (276,129,333,186) (483,236,601,354)
"1308768019.5799":(497,284,647,434) (366,167,414,215) (278,130,335,187) (487,240,604,357)
"1308768019.8460":(494,275,644,425) (370,162,419,211) (280,132,338,190) (486,240,605,359)
"1308768020.1105":(492,282,641,431) (369,165,417,213) (273,125,332,184) (477,245,594,362)
"1308768020.3789":(479,279,628,428) (371,168,418,215) (275,126,333,184) (491,241,608,358)
"1308768020.6404":(498,279,648,429) (376,168,425,217) (277,122,335,180) (476,246,595,365)
"1308768020.9038":(490,281,639,430) (374,167,424,217) (279,130,337,188) (480,238,599,357)
"1308768021.1768":(503,275,651,423) (372,164,424,216) (274,143,332,201) (482,240,602,360)
"1308768021.4409":(503,279,652,428) (373,169,422,218) (277,133,334,190) (485,238,604,357)
"1308768021.7042":(494,286,644,436) (370,164,418,212) (271,128,329,186) (486,240,602,356)
"1308768021.9763":(499,284,648,433) (372,170,420,218) (271,133,328,190) (479,245,598,364)
"1308768022.2445":(498,286,647,435) (373,167,421,215) (278,130,335,187) (487,240,606,359)
"1308768022.5079":(503,282,652,431) (376,177,427,228) (273,137,331,195) (486,236,602,352)
"1308768022.7763":(493,277,641,425) (372,165,420,213) (273,119,330,176) (479,243,598,362)
"1308768023.0436":(491,276,639,424) (374,161,423,210) (277,126,336,185) (483,234,601,352)
"1308768023.3063":(485,289,634,438) (374,168,423,217) (274,128,331,185) (471,230,591,350)
"1308768023.5718":(465,278,614,427) (374,163,422,211) (277,124,335,182) (463,221,580,338)
"1308768023.8396":(495,278,644,427) (376,161,424,209) (262,123,319,180) (462,225,580,343)
"1308768024.1052":(484,279,633,428) (375,164,423,212) (275,126,333,184) (457,229,572,344)
"1308768024.3774":(474,286,623,435) (375,168,424,217) (284,129,329,174) (461,223,577,339)
"1308768024.6398":(484,280,635,431) (377,165,426,214) (277,128,335,186) (456,231,572,347)
"1308768024.9146":(485,281,634,430) (373,167,421,215) (274,128,332,186) (453,224,570,341)
"1308768025.1732":(490,280,641,431) (379,164,427,212) (274,133,331,190) (455,225,572,342)
"1308768025.4397":(480,287,629,436) (376,164,424,212) (273,130,330,187) (456,225,574,343)
"1308768025.7054":(489,281,638,430) (375,166,424,215) (273,141,329,197) (465,230,582,347)
"1308768025.9734":(484,281,629,426) (373,165,421,213) (273,132,332,191) (453,221,572,340)
"1308768026.2412":(487,281,633,427) (372,172,421,221) (272,125,330,183) (457,224,575,342)
"1308768026.5078":(491,285,640,434) (369,170,417,218) (280,125,338,183) (457,224,574,341)
"1308768026.7732":(370,162,418,210) (281,126,338,183) (459,220,576,337)
"1308768027.0450":(491,277,641,427) (371,169,418,216) (269,123,327,181) (458,235,576,353)
"1308768027.3123":(481,282,633,434) (371,170,419,218) (271,131,329,189) (453,244,571,362)
"1308768027.5737":(467,284,618,435) (366,170,414,218) (273,130,331,188) (452,223,570,341)
"1308768027.8412":(483,283,631,431) (382,165,430,213) (276,133,333,190) (448,218,566,336)
"1308768028.1092":(488,282,637,431) (369,166,423,220) (261,129,318,186) (452,237,567,352)
"1308768028.3767":(488,282,637,431) (372,163,420,211) (278,130,336,188) (452,218,570,336)
"1308768028.6412":(483,271,632,420) (371,171,420,220) (275,125,333,183) (454,236,572,354)
"1308768028.9128":(372,163,420,211) (268,127,326,185) (448,218,566,336)
"1308768029.1717":(483,282,635,434) (370,167,419,216) (269,127,327,185) (448,224,566,342)
"1308768029.4533":(483,278,633,428) (372,167,420,215) (274,125,333,184) (454,220,572,338)
"1308768029.7092":(487,281,639,433) (364,161,413,210) (274,137,332,195) (448,215,565,332)
"1308768029.9721":(503,287,652,436) (367,165,414,212) (262,123,319,180) (450,217,567,334)
"1308768030.2397":(484,281,635,432) (369,162,418,211) (258,132,316,190) (458,216,575,333)
"1308768030.5093":(486,275,635,424) (370,160,418,208) (254,138,314,198) (453,212,570,329)
"1308768030.7717":(489,288,638,437) (366,165,414,213) (255,127,314,186) (445,219,563,337)
"1308768031.0397":(501,282,650,431) (356,167,399,210) (251,130,314,193) (448,220,566,338)
"1308768031.3077":(493,282,644,433) (351,172,399,220) (249,133,311,195) (453,222,570,339)
"1308768031.5718":(501,281,650,430) (343,167,391,215) (241,139,306,204) (452,227,568,343)
"1308768031.8397":(491,286,641,436) (350,167,397,214) (237,134,304,201) (456,216,575,335)
"1308768032.1077":(503,294,652,443) (351,167,397,213) (231,139,303,211) (454,223,573,342)
"1308768032.3717":(496,281,646,431) (351,165,397,211) (219,134,295,210) (455,227,574,346)
"1308768032.6397":(499,280,648,429) (366,172,413,219) (199,138,278,217) (463,231,581,349)
"1308768032.9077":(366,165,413,212) (173,137,258,222) (454,238,573,357)
"1308768033.1720":(494,296,642,444) (372,162,420,210) (149,147,240,238) (458,229,580,351)
"1308768033.4397":(491,295,640,444) (364,164,411,211) (118,143,217,242) (466,231,585,350)
"1308768033.7077":(496,282,645,431) (372,163,420,211) (61,151,167,257) (483,236,602,355)
"1308768033.9718":(503,284,653,434) (372,163,419,210) (1,151,115,265) (489,237,607,355)
"1308768034.2397":(489,283,643,437) (374,172,421,219) (-45,162,81,288) (483,244,602,363)
"1308768034.5077":(501,287,649,435) (371,169,417,215) (487,235,606,354)
"1308768034.7718":(491,286,641,436) (372,162,418,208) (474,231,593,350)
"1308768035.0397":(503,285,652,434) (369,161,416,208) (474,223,594,343)
"1308768035.3081":(492,279,641,428) (372,161,418,207) (469,230,588,349)
"1308768035.5757":(500,281,649,430) (366,163,412,209) (470,225,589,344)
"1308768035.8397":(494,281,645,432) (371,162,419,210) (468,228,587,347)
"1308768036.1077":(493,285,642,434) (370,165,416,211) (468,231,587,350)
"1308768036.3757":(492,276,644,428) (367,159,413,205) (480,234,599,353)
"1308768036.6397":(493,278,645,430) (372,166,418,212) (482,241,601,360)
"1308768036.9077":(492,279,642,429) (369,165,416,212) (474,235,592,353)
"1308768037.1757":(500,284,649,433) (370,164,416,210) (482,242,600,360)
"1308768037.4397":(503,286,653,436) (365,161,411,207) (489,239,606,356)
"1308768037.7077":(499,286,649,436) (368,164,414,210) (477,243,596,362)
"1308768037.9756":(499,281,648,430) (370,163,416,209) (483,238,602,357)
"1308768038.2398":(500,280,648,428) (369,161,414,206) (488,235,606,353)
"1308768038.5077":(497,287,646,436) (366,162,412,208) (492,235,610,353)
"1308768038.7758":(500,282,649,431) (365,167,411,213) (492,232,607,347)
"1308768039.0398":(501,287,650,436) (369,164,415,210) (489,237,608,356)
"1308768039.3078":(496,283,645,432) (370,164,417,211) (483,241,601,359)
"1308768039.5757":(500,284,647,431) (370,165,415,210) (478,244,594,360)
"1308768039.8397":(492,286,644,438) (372,164,420,212) (484,242,601,359)
"1308768040.1077":(495,278,644,427) (370,169,416,215) (484,230,601,347)
"1308768040.3757":(493,278,642,427) (369,166,415,212) (478,233,598,353)
"1308768040.6397":(484,281,632,429) (369,163,415,209) (483,233,599,349)
"1308768040.9077":(495,280,646,431) (366,169,412,215) (486,230,604,348)
"1308768041.1757":(497,283,649,435) (363,164,409,210) (484,231,601,348)
"1308768041.4397":(497,279,646,428) (365,163,411,209) (489,235,606,352)
"1308768041.7077":(491,288,642,439) (367,163,413,209) (483,233,601,351)
"1308768041.9757":(507,284,655,432) (370,163,416,209) (471,255,589,373)
"1308768042.2397":(509,288,658,437) (364,157,409,202) (488,232,607,351)
"1308768042.5078":(508,284,658,434) (369,164,415,210) (488,238,605,355)
"1308768042.7757":(511,283,660,432) (369,164,415,210) (488,240,606,358)
"1308768043.0397":(505,290,654,439) (364,162,410,208) (-83,166,98,347) (477,240,596,359)
"1308768043.3077":(504,288,654,438) (371,167,417,213) (-36,159,121,316) (488,243,607,362)
"1308768043.5758":(510,287,659,436) (369,164,416,211) (4,148,146,290) (488,240,607,359)
"1308768043.8397":(512,283,658,429) (364,164,412,212) (63,149,192,278) (480,241,598,359)
"1308768044.1078":(501,281,654,434) (368,162,414,208) (91,137,209,255) (476,233,611,368)
"1308768044.3757":(508,287,659,438) (363,164,410,211) (115,138,225,248) (484,240,603,359)
"1308768044.6437":(505,285,657,437) (369,162,416,209) (130,137,230,237) (484,249,602,367)
"1308768044.9078":(510,282,659,431) (369,160,415,206) (143,136,236,229) (484,255,603,374)
"1308768045.1782":(499,307,652,460) (369,166,415,212) (146,129,233,216) (486,242,604,360)
"1308768045.4437":(510,287,662,439) (365,163,411,209) (153,137,236,220) (473,238,594,359)
"1308768045.7150":(507,287,660,440) (368,162,416,210) (138,131,218,211) (481,239,600,358)
"1308768045.9757":(505,283,658,436) (365,163,412,210) (138,129,215,206) (481,236,602,357)
"1308768046.2463":(501,288,654,441) (361,160,407,206) (146,129,221,204) (474,235,596,357)
"1308768046.5077":(496,286,647,437) (363,160,411,208) (151,130,225,204) (469,235,591,357)
"1308768046.7784":(494,288,647,441) (369,162,414,207) (154,125,225,196) (468,233,588,353)
"1308768047.0437":(496,285,643,432) (367,162,414,209) (151,123,222,194) (464,227,582,345)
"1308768047.3080":(502,285,653,436) (368,165,413,210) (157,126,228,197) (455,231,576,352)
"1308768047.5778":(505,279,654,428) (367,165,413,211) (149,125,220,196) (455,229,573,347)
"1308768047.8437":(495,287,646,438) (368,160,414,206) (147,131,218,202) (467,244,586,363)
"1308768048.1078":(499,283,652,436) (367,165,413,211) (153,122,223,192) (469,247,590,368)
"1308768048.3784":(499,284,652,437) (368,163,414,209) (149,132,220,203) (480,239,600,359)
"1308768048.6470":(506,284,659,437) (364,158,410,204) (141,130,210,199) (488,236,608,356)
"1308768048.9088":(515,283,665,433) (367,158,414,205) (145,128,215,198) (480,238,602,360)
"1308768049.1768":(514,288,663,437) (359,158,406,205) (139,128,206,195) (490,241,609,360)
"1308768049.4464":(501,283,653,435) (359,161,406,208) (150,124,218,192) (499,244,617,362)
"1308768049.7139":(510,290,661,441) (359,165,406,212) (145,127,216,198) (489,242,610,363)
"1308768049.9757":(505,287,654,436) (361,158,407,204) (150,126,218,194) (495,240,615,360)
"1308768050.2483":(509,283,661,435) (361,164,406,209) (155,127,227,199) (490,242,609,361)
"1308768050.5089":(510,292,661,443) (360,164,407,211) (166,129,215,178) (490,239,608,357)
"1308768050.7768":(514,289,663,438) (372,161,418,207) (493,234,612,353)
"1308768051.0490":(502,286,654,438) (375,167,422,214) (147,135,225,213) (488,232,607,351)
"1308768051.3109":(517,292,667,442) (373,166,419,212) (143,128,224,209) (497,248,611,362)
"1308768051.5758":(511,289,663,441) (371,165,417,211) (151,133,236,218) (509,242,622,355)
"1308768051.8442":(506,290,659,443) (372,164,419,211) (156,134,246,224) (506,249,622,365)
"1308768052.1080":(508,282,660,434) (374,160,421,207) (142,133,238,229) (508,244,620,356)
"1308768052.3758":(515,293,666,444) (371,168,417,214) (125,140,228,243) (504,239,624,359)
"1308768052.6463":(507,287,660,440) (370,164,417,211) (109,133,220,244) (498,242,616,360)
"1308768052.9118":(501,284,650,433) (367,171,413,217) (90,145,208,263) (509,245,629,365)
"1308768053.1758":(509,287,659,437) (368,163,415,210) (78,144,210,276) (505,243,624,362)
"1308768053.4438":(515,286,664,435) (369,162,416,209) (58,152,199,293) (506,243,622,359)
"1308768053.7157":(516,293,669,446) (366,167,413,214) (-7,160,151,318) (491,251,611,371)
"1308768053.9831":(504,289,656,441) (365,164,411,210) (-51,172,119,342) (503,241,622,360)
"1308768054.2541":(504,289,656,441) (368,160,414,206) (-80,181,104,365) (510,242,619,351)
"1308768054.5118":(504,294,656,446) (372,166,418,212) (500,248,620,368)
"1308768054.7771":(500,290,651,441) (371,167,417,213) (508,249,623,364)
"1308768055.0438":(507,294,656,443) (367,162,414,209) (503,246,622,365)
"1308768055.3171":(514,285,663,434) (365,169,412,216) (508,244,622,358)
"1308768055.5758":(507,282,656,431) (372,171,417,216) (500,247,622,369)
"1308768055.8438":(502,286,654,438) (364,161,411,208) (496,243,615,362)
"1308768056.1181":(505,291,654,440) (365,164,411,210) (495,241,613,359)
"1308768056.3771":(503,293,655,445) (367,162,413,208) (505,244,626,365)
"1308768056.6505":(495,291,645,441) (369,165,415,211) (498,240,616,358)
"1308768056.9170":(500,289,651,440) (364,164,410,210) (500,249,615,364)
"1308768057.1854":(506,296,652,442) (370,166,416,212) (528,249,596,317)
"1308768057.4481":(503,295,655,447) (373,163,419,209) (501,247,619,365)
"1308768057.7117":(501,291,653,443) (369,164,416,211) (503,239,621,357)
"1308768057.9757":(512,288,662,438) (367,164,413,210) (495,247,608,360)
"1308768058.2487":(503,283,654,434) (362,171,408,217) (508,242,621,355)
"1308768058.5164":(513,283,663,433) (366,167,412,213) (507,237,625,355)
"1308768058.7788":(508,285,657,434) (369,168,415,214) (511,240,629,358)
"1308768059.0474":(507,293,657,443) (368,164,414,210) (509,240,626,357)
"1308768059.3162":(507,293,655,441) (370,171,416,217) (508,241,626,359)
"1308768059.5773":(513,289,663,439) (368,166,414,212) (504,239,621,356)
"1308768059.8488":(502,297,652,447) (372,165,418,211) (501,239,619,357)
"1308768060.1210":(505,283,655,433) (369,170,414,215) (509,246,627,364)
"1308768060.3772":(506,287,655,436) (366,164,411,209) (497,251,615,369)
"1308768060.6489":(502,293,651,442) (366,163,411,208) (505,241,622,358)
"1308768060.9169":(499,287,651,439) (371,163,417,209) (497,255,614,372)
"1308768061.1773":(492,293,644,445) (364,162,410,208) (493,257,611,375)
"1308768061.4454":(500,290,649,439) (365,162,411,208) (496,247,614,365)
"1308768061.7118":(501,286,653,438) (363,165,412,214) (504,246,616,358)
"1308768061.9875":(507,283,654,430) (367,169,414,216) (504,246,617,359)
"1308768062.2452":(503,279,656,432) (370,162,416,208) (503,239,614,350)
"1308768062.5132":(501,287,650,436) (367,164,414,211) (506,241,623,358)
"1308768062.7890":(497,282,651,439) (370,161,417,208) (493,232,628,367)
"1308768063.0453":(499,287,646,432) (364,168,411,215) (505,237,623,355)
"1308768063.3132":(489,279,650,439) (369,160,415,206) (502,238,623,359)
"1308768063.5812":(508,287,661,440) (362,168,410,216) (500,241,617,358)
"1308768063.8453":(500,286,661,430) (360,160,406,206) (502,242,621,361)
"1308768064.1132":(508,287,661,440) (367,163,414,210) (493,240,611,358)
"1308768064.3813":(510,285,660,435) (361,158,407,204) (501,237,620,356)
"1308768064.6437":(510,285,660,435) (364,164,411,211) (510,241,629,360)
"1308768064.9134":(501,288,652,439) (368,163,414,209) (502,243,622,363)
"1308768065.1812":(504,293,654,443) (367,163,414,210) (505,243,621,359)
"1308768065.4437":(498,283,652,437) (366,165,412,211) (511,245,627,361)
"1308768065.7117":(501,284,652,435) (366,168,412,214) (508,237,626,355)
"1308768065.9812":(504,286,656,438) (363,165,411,213) (499,244,618,363)
"1308768066.2437":(503,294,647,438) (368,170,415,217) (501,243,620,362)
"1308768066.5117":(513,292,660,439) (367,164,414,211) (499,245,619,365)
"1308768066.7837":(511,285,664,438) (363,165,410,212) (505,244,623,362)
"1308768067.0437":(504,289,655,440) (365,168,410,213) (500,249,618,367)
"1308768067.3117":(508,292,658,442) (367,168,412,213) (504,247,620,363)
"1308768067.5797":(523,273,670,420) (369,171,415,217) (506,245,615,354)
"1308768067.8437":(509,292,661,444) (370,168,416,214) (508,247,629,368)
"1308768068.1117":(510,290,659,439) (366,163,412,209) (512,242,630,360)
"1308768068.3797":(515,301,664,450) (372,159,417,204) (506,239,624,357)
"1308768068.6437":(516,296,665,445) (367,164,413,210) (509,242,627,360)
"1308768068.9117":(514,299,664,449) (367,169,413,215) (493,248,630,385)
"1308768069.1797":(515,298,666,449) (362,162,408,208) (499,255,614,370)
"1308768069.4437":(506,297,658,449) (368,166,413,211) (505,241,624,360)
"1308768069.7117":(369,163,416,210) (504,251,622,369)
"1308768069.9797":(518,297,667,446) (367,164,412,209) (499,251,617,369)
"1308768070.2437":(511,309,659,457) (366,163,411,208) (501,251,619,369)
"1308768070.5117":(524,299,674,449) (364,163,411,210) (514,257,636,379)
"1308768070.7797":(529,298,678,447) (363,164,409,210) (511,258,628,375)
"1308768071.0477":(525,294,677,446) (365,173,412,220) (517,244,638,365)
"1308768071.3117":(521,308,671,458) (367,163,415,211) (510,259,629,378)
"1308768071.5797":(532,303,684,455) (365,162,412,209) (523,251,642,370)
"1308768071.8477":(523,292,676,445) (365,165,413,213) (519,252,634,367)
"1308768072.1117":(525,298,677,450) (364,163,410,209) (512,251,634,373)
"1308768072.3797":(526,301,678,453) (364,162,410,208) (513,247,632,366)
"1308768072.6477":(512,300,661,449) (364,160,412,208) (510,256,629,375)
"1308768072.9117":(528,300,680,452) (360,161,407,208) (521,245,638,362)
"1308768073.1802":(534,301,687,454) (362,167,408,213) (544,247,612,315)
"1308768073.4477":(523,301,676,454) (368,165,414,211) (505,254,623,372)
"1308768073.7117":(516,291,666,441) (361,162,407,208) (536,242,605,311)
"1308768073.9797":(502,295,651,444) (366,165,412,211) (530,249,597,316)
"1308768074.2477":(505,280,658,433) (359,165,405,211) (510,249,623,362)
"1308768074.5117":(503,283,652,432) (366,167,414,215) (515,246,634,365)
"1308768074.7797":(494,286,646,438) (367,164,413,210) (512,251,624,363)
"1308768075.0477":(511,289,660,438) (366,164,412,210) (501,249,620,368)
"1308768075.3117":(499,285,651,437) (365,167,411,213) (503,251,623,371)
"1308768075.5797":(511,289,659,437) (368,160,414,206) (507,244,626,363)
"1308768075.8477":(508,290,657,439) (365,164,412,211) (506,239,621,354)
"1308768076.1117":(506,289,657,440) (363,157,409,203) (502,242,620,360)
"1308768076.3797":(510,290,659,439) (366,163,413,210) (506,242,624,360)
"1308768076.6477":(500,285,650,435) (366,163,412,209) (505,239,624,358)
"1308768076.9117":(504,285,656,437) (366,164,411,209) (503,245,619,361)
"1308768077.1797":(518,279,668,429) (371,162,416,207) (511,238,627,354)
"1308768077.4477":(502,287,652,437) (365,165,411,211) (502,238,621,357)
"1308768077.7120":(510,294,659,443) (364,162,411,209) (490,254,606,370)
"1308768077.9797":(513,286,662,435) (368,163,414,209) (499,244,613,358)
"1308768078.2477":(508,288,658,438) (364,169,411,216) (498,238,616,356)
"1308768078.5117":(495,294,647,446) (366,159,413,206) (498,244,616,362)
"1308768078.7798":(506,295,655,444) (367,163,414,210) (501,251,621,371)
"1308768079.0478":(362,161,408,207) (508,245,627,364)
"1308768079.3122":(360,163,407,210) (490,234,624,368)
"1308768079.5801":(509,289,657,437) (364,165,411,212) (504,238,620,354)
"1308768079.8477":(509,287,660,438) (366,163,412,209) (507,242,625,360)
"1308768080.1157":(509,287,658,436) (365,164,411,210) (499,236,618,355)
"1308768080.3798":(512,290,661,439) (360,169,405,214) (510,246,626,362)
"1308768080.6520":(502,286,651,435) (363,158,409,204) (511,232,624,345)
