"1308948315.1006":(377,196,436,255) (368,168,413,213)
"1308948315.3647":(384,195,444,255) (368,166,413,211)
"1308948315.6327":(381,196,440,255) (361,165,407,211)
"1308948315.9047":(383,190,442,249) (365,166,410,211)
"1308948316.1648":(383,195,444,256) (365,164,410,209)
"1308948316.4327":(378,192,439,253) (369,164,414,209)
"1308948316.7007":(381,196,441,256) (368,162,413,207)
"1308948316.9648":(379,191,439,251) (367,170,412,215)
"1308948317.2329":(380,192,441,253) (367,163,414,210)
"1308948317.5007":(385,192,445,252) (366,163,411,208)
"1308948317.7687":(381,194,441,254) (362,167,407,212)
"1308948318.0329":(381,195,443,257) (364,169,409,214)
"1308948318.3009":(386,193,446,253) (359,167,406,214)
"1308948318.5688":(381,196,442,257) (364,162,409,207)
"1308948318.8328":(385,193,445,253) (359,159,404,204)
"1308948319.1009":(382,194,444,256) (366,163,411,208)
"1308948319.3756":(382,195,443,256) (366,162,411,207)
"1308948319.6332":(381,194,443,256) (373,158,419,204)
"1308948319.9024":(379,196,440,257) (374,158,419,203)
"1308948320.1687":(385,193,445,253) (371,160,417,206)
"1308948320.4426":(382,187,442,247) (368,162,415,209)
"1308948320.7036":(376,193,436,253) (366,161,412,207)
"1308948320.9688":(380,187,441,248) (369,160,417,208)
"1308948321.2328":(378,195,438,255) (372,160,419,207)
"1308948321.5007":(379,189,439,249) (365,158,412,205)
"1308948321.7687":(377,193,437,253) (367,160,414,207)
"1308948322.0329":(381,188,441,248) (367,160,414,207)
"1308948322.3013":(378,189,440,251) (368,159,415,206)
"1308948322.5687":(385,191,446,252) (363,159,409,205)
"1308948322.8328":(384,191,445,252) (351,155,398,202)
"1308948323.1008":(383,191,444,252) (353,161,399,207)
"1308948323.3709":(378,189,438,249) (357,158,404,205)
"1308948323.6356":(380,192,440,252) (356,159,404,207)
"1308948323.9008":(380,192,441,253) (361,159,407,205)
"1308948324.1687":(382,193,444,255) (363,157,409,203)
"1308948324.4332":(377,192,439,254) (367,165,414,212)
"1308948324.7008":(381,194,441,254) (372,159,418,205)
"1308948324.9723":(380,193,442,255) (371,164,417,210)
"1308948325.2329":(380,191,441,252) (365,159,412,206)
"1308948325.5017":(382,191,443,252) (367,158,414,205)
"1308948325.7688":(373,190,435,252) (366,158,414,206)
"1308948326.0413":(382,191,447,256) (364,164,412,212)
"1308948326.3009":(382,195,445,258) (360,163,408,211)
"1308948326.5694":(385,189,448,252) (364,164,412,212)
"1308948326.8369":(377,191,441,255) (369,158,417,206)
"1308948327.1016":(380,190,444,254) (377,159,424,206)
"1308948327.3693":(374,190,438,254) (373,160,422,209)
"1308948327.6368":(382,193,444,255) (370,160,420,210)
"1308948327.9009":(379,195,442,258) (368,165,417,214)
"1308948328.1689":(376,195,439,258) (366,164,415,213)
"1308948328.4379":(379,195,442,258) (372,161,421,210)
"1308948328.7061":(379,190,441,252) (363,167,411,215)
"1308948328.9696":(381,195,443,257) (355,161,419,225)
"1308948329.2369":(381,193,443,255) (363,163,411,211)
"1308948329.5037":(379,190,441,252) (360,162,409,211)
"1308948329.7763":(376,195,438,257) (353,164,402,213) (380,198,581,399)
"1308948330.0447":(355,171,402,218) (297,190,474,367)
"1308948330.3013":(378,192,443,257) (355,165,403,213) (261,178,416,333)
"1308948330.5700":(381,191,444,254) (358,167,406,215) (265,174,397,306)
"1308948330.8370":(378,189,441,252) (366,163,414,211) (267,162,382,277)
"1308948331.1066":(381,190,444,253) (366,164,414,212) (246,160,347,261)
"1308948331.3731":(380,194,442,256) (362,166,410,214) (242,145,332,235)
"1308948331.6421":(382,191,445,254) (363,164,411,212) (264,150,344,230)
"1308948331.9057":(380,193,443,256) (368,162,416,210) (267,136,342,211)
"1308948332.1735":(379,189,441,251) (367,161,415,209) (270,137,338,205)
"1308948332.4367":(384,190,446,252) (367,162,415,210) (284,136,347,199)
"1308948332.7007":(379,190,441,252) (370,163,418,211) (304,140,363,199)
"1308948332.9754":(380,189,442,251) (363,171,411,219) (309,129,365,185)
"1308948333.2378":(378,193,441,256) (367,166,416,215) (306,129,359,182)
"1308948333.5071":(379,197,442,260) (365,162,413,210) (312,130,364,182)
"1308948333.7735":(373,189,436,252) (368,160,416,208) (323,142,374,193)
"1308948334.0419":(382,189,445,252) (364,165,412,213) (321,151,373,203)
"1308948334.3030":(379,189,442,252) (364,161,412,209) (320,155,371,206)
"1308948334.5688":(381,188,444,251) (368,162,416,210) (317,153,369,205)
"1308948334.8424":(377,193,440,256) (367,161,415,209) (325,157,376,208)
"1308948335.1048":(374,189,437,252) (369,165,417,213) (330,149,382,201)
"1308948335.3687":(380,189,443,252) (369,164,417,212) (335,145,386,196)
"1308948335.6409":(377,187,440,250) (365,165,413,213) (342,140,393,191)
"1308948335.9047":(379,188,442,251) (369,164,416,211) (341,139,390,188)
"1308948336.1688":(377,191,440,254) (364,163,412,211) (327,143,376,192)
"1308948336.4368":(375,191,438,254) (362,167,410,215) (333,147,382,196)
"1308948336.7128":(376,187,439,250) (365,164,413,212) (336,151,384,199)
"1308948336.9743":(381,197,444,260) (362,168,410,216) (337,149,385,197)
"1308948337.2427":(378,191,441,254) (362,172,410,220) (335,151,383,199)
"1308948337.5096":(382,197,445,260) (356,177,404,225) (336,152,384,200)
"1308948337.7817":(381,192,443,254) (350,179,398,227) (330,166,378,214)
"1308948338.0368":(376,190,438,252) (348,184,395,231) (330,164,378,212)
"1308948338.3082":(380,197,442,259) (346,183,394,231) (327,157,375,205)
"1308948338.5712":(384,192,446,254) (348,179,395,226) (322,154,371,203)
"1308948338.8391":(386,193,446,253) (351,178,398,225) (325,155,373,203)
"1308948339.1082":(381,188,442,249) (351,181,399,229) (319,152,368,201)
"1308948339.3749":(382,197,444,259) (345,184,392,231) (328,155,377,204)
"1308948339.6395":(382,194,445,257) (349,184,396,231) (324,155,373,204)
"1308948339.9132":(382,197,444,259) (356,180,403,227) (325,156,374,205)
"1308948340.1716":(389,199,450,260) (359,180,406,227) (327,163,376,212)
"1308948340.4452":(378,189,439,250) (355,177,402,224) (325,164,373,212)
"1308948340.7079":(379,198,441,260) (348,179,395,226) (320,157,369,206)
"1308948340.9724":(385,199,448,262) (353,173,400,220) (319,155,368,204)
"1308948341.2402":(385,194,446,255) (357,163,403,209) (322,160,371,209)
"1308948341.5073":(386,196,446,256) (362,164,410,212) (324,154,372,202)
"1308948341.7687":(387,198,448,259) (364,161,412,209) (322,160,371,209)
"1308948342.0428":(388,187,450,249) (368,163,414,209) (323,162,372,211)
"1308948342.3072":(384,202,445,263) (368,164,414,210) (322,156,370,204)
"1308948342.5687":(379,191,440,252) (363,163,410,210) (321,152,369,200)
"1308948342.8368":(383,187,444,248) (364,160,410,206) (319,152,368,201)
"1308948343.1073":(386,196,448,258) (365,161,412,208) (319,152,368,201)
"1308948343.3688":(387,191,448,252) (365,163,412,210) (327,158,375,206)
"1308948343.6573":(381,191,441,251) (356,159,402,205) (319,157,368,206)
"1308948343.9367":(383,190,445,252) (359,163,406,210) (323,156,371,204)
"1308948344.2048":(383,187,444,248) (359,165,407,213) (324,155,373,204)
"1308948344.4754":(379,190,441,252) (354,166,401,213) (320,156,369,205)
"1308948344.7369":(383,188,444,249) (357,171,403,217) (319,155,367,203)
"1308948345.0047":(384,184,446,246) (357,163,403,209) (317,163,365,211)
"1308948345.2727":(380,193,441,254) (362,168,408,214) (323,164,371,212)
"1308948345.5367":(389,189,450,250) (369,160,414,205) (326,164,374,212)
"1308948345.8047":(384,187,445,248) (365,158,411,204) (323,162,371,210)
"1308948346.0727":(379,195,462,278) (367,165,413,211) (327,162,375,210)
"1308948346.3368":(382,187,443,248) (368,161,414,207) (329,170,377,218)
"1308948346.6047":(377,192,438,253) (371,161,417,207) (328,168,376,216)
"1308948346.8728":(390,186,452,248) (369,163,415,209) (330,162,377,209)
"1308948347.1368":(380,193,443,256) (370,161,416,207) (333,159,380,206)
"1308948347.4047":(378,189,441,252) (371,162,416,207) (329,160,376,207)
"1308948347.6728":(379,193,442,256) (366,161,412,207) (332,158,379,205)
"1308948347.9368":(377,190,439,252) (372,162,418,208) (337,154,384,201)
"1308948348.2049":(388,188,450,250) (368,160,416,208) (334,155,381,202)
"1308948348.4728":(382,187,445,250) (368,160,416,208) (331,157,378,204)
"1308948348.7368":(385,188,447,250) (367,163,415,211) (324,154,371,201)
"1308948349.0048":(385,194,447,256) (365,163,411,209) (327,154,374,201)
"1308948349.2728":(381,188,443,250) (370,161,418,209) (330,155,377,202)
"1308948349.5367":(379,184,442,247) (369,161,415,207) (327,153,374,200)
"1308948349.8048":(383,188,446,251) (368,160,414,206) (331,155,379,203)
"1308948350.0728":(385,189,447,251) (367,162,413,208) (324,157,371,204)
"1308948350.3370":(385,190,448,253) (367,162,414,209) (332,153,379,200)
"1308948350.6052":(385,193,447,255) (368,165,414,211) (326,153,373,200)
"1308948350.8727":(382,195,443,256) (367,162,413,208) (327,154,374,201)
"1308948351.1370":(377,189,440,252) (366,161,412,207) (327,154,374,201)
"1308948351.4049":(381,190,443,252) (366,161,412,207) (328,153,376,201)
"1308948351.6727":(384,192,446,254) (366,163,412,209) (333,153,380,200)
"1308948351.9368":(378,190,441,253) (367,162,413,208) (329,154,376,201)
"1308948352.2048":(386,186,449,249) (364,163,410,209) (329,152,376,199)
"1308948352.4728":(389,188,452,251) (368,160,414,206) (332,151,380,199)
"1308948352.7370":(377,185,440,248) (369,161,415,207) (329,156,376,203)
"1308948353.0050":(386,188,449,251) (367,163,413,209) (329,158,376,205)
"1308948353.2727":(386,195,448,257) (367,164,414,211) (331,153,378,200)
"1308948353.5408":(386,192,447,253) (367,162,413,208) (326,152,374,200)
"1308948353.8047":(390,194,451,255) (371,163,418,210) (332,153,380,201)
"1308948354.0731":(387,191,448,252) (367,169,413,215) (331,155,378,202)
"1308948354.3407":(389,198,450,259) (362,164,409,211) (328,157,375,204)
"1308948354.6049":(386,190,448,252) (369,162,415,208) (330,154,377,201)
"1308948354.8728":(392,192,453,253) (369,161,416,208) (329,154,376,201)
"1308948355.1410":(386,193,447,254) (364,171,410,217) (329,154,376,201)
"1308948355.4049":(384,188,447,251) (367,161,413,207) (333,158,381,206)
"1308948355.6729":(383,191,446,254) (364,164,411,211) (327,153,374,200)
"1308948355.9407":(375,193,437,255) (365,160,411,206) (329,154,376,201)
"1308948356.2080":(379,186,441,248) (362,162,408,208) (329,156,376,203)
"1308948356.4729":(388,192,449,253) (368,163,415,210) (330,155,378,203)
"1308948356.7412":(-96,255,168,519) (382,192,444,254) (366,169,412,215) (329,157,376,204)
"1308948357.0048":(-125,210,135,470) (382,193,445,256) (363,165,409,211) (332,156,381,205)
"1308948357.2752":(-130,201,133,464) (382,194,443,255) (370,165,415,210) (326,156,373,203)
"1308948357.5409":(-129,199,129,457) (380,188,442,250) (364,162,410,208) (333,154,380,201)
"1308948357.8101":(-123,188,132,443) (379,186,440,247) (364,167,410,213) (332,153,379,200)
"1308948358.0729":(-130,193,134,457) (376,192,437,253) (368,164,415,211) (329,160,376,207)
"1308948358.3408":(-114,202,129,445) (385,193,446,254) (360,161,407,208) (326,155,373,202)
"1308948358.6103":(-104,229,129,462) (383,195,445,257) (367,163,414,210) (328,156,375,203)
"1308948358.8737":(-71,302,130,503) (382,194,444,256) (363,166,409,212) (330,165,377,212)
"1308948359.1408":(386,195,448,257) (365,164,412,211) (325,156,372,203)
"1308948359.4049":(387,192,449,254) (367,173,413,219) (333,157,380,204)
"1308948359.6727":(385,192,446,253) (368,162,414,208) (331,159,378,206)
"1308948359.9451":(384,196,446,258) (366,170,412,216) (330,155,377,202)
"1308948360.2048":(382,189,443,250) (365,165,411,211) (327,158,374,205)
"1308948360.4729":(381,187,442,248) (364,166,410,212) (330,153,377,200)
"1308948360.7408":(382,186,443,247) (362,164,407,209) (329,154,376,201)
"1308948361.0060":(388,192,448,252) (367,163,414,210) (327,158,374,205)
"1308948361.2738":(387,191,448,252) (366,167,412,213) (327,157,374,204)
"1308948361.5409":(383,187,444,248) (362,166,408,212) (330,154,378,202)
"1308948361.8088":(381,195,442,256) (367,172,414,219) (334,154,381,201)
"1308948362.0729":(379,193,441,255) (361,166,408,213) (327,152,375,200)
"1308948362.3411":(387,194,449,256) (365,165,411,211) (326,154,373,201)
"1308948362.6111":(378,193,439,254) (369,166,416,213) (331,151,378,198)
"1308948362.8729":(382,193,444,255) (365,160,411,206) (329,155,378,204)
"1308948363.1407":(384,189,445,250) (368,163,414,209) (326,156,374,204)
"1308948363.4087":(385,181,446,242) (372,162,419,209) (328,154,376,202)
"1308948363.6732":(382,188,444,250) (368,162,415,209) (330,154,378,202)
"1308948363.9408":(379,190,441,252) (369,162,416,209) (330,153,378,201)
"1308948364.2089":(381,185,444,248) (370,161,416,207) (333,152,380,199)
"1308948364.4784":(383,188,444,249) (366,165,411,210) (330,151,378,199)
"1308948364.7410":(379,186,440,247) (367,165,413,211) (331,153,378,200)
"1308948365.0153":(385,187,447,249) (365,165,410,210) (331,155,378,202)
"1308948365.2728":(384,189,445,250) (364,163,410,209) (326,153,373,200)
"1308948365.5406":(384,192,445,253) (364,171,410,217) (328,155,375,202)
"1308948365.8099":(389,189,450,250) (365,164,411,210) (329,153,376,200)
"1308948366.0729":(383,191,447,255) (369,163,415,209) (328,160,376,208)
"1308948366.3494":(385,190,448,253) (365,163,411,209) (329,160,376,207)
"1308948366.6144":(379,193,441,255) (363,166,410,213) (328,157,377,206)
"1308948366.8729":(382,188,445,251) (371,165,417,211) (328,155,376,203)
"1308948367.1469":(388,190,450,252) (370,165,416,211) (330,158,377,205)
"1308948367.4135":(389,189,451,251) (367,163,413,209) (328,153,375,200)
"1308948367.6779":(381,193,443,255) (372,164,419,211) (332,155,381,204)
"1308948367.9408":(387,190,450,253) (365,162,412,209) (329,153,377,201)
"1308948368.2140":(383,192,445,254) (368,162,414,208) (332,157,379,204)
"1308948368.4727":(383,190,445,252) (369,162,415,208) (328,156,376,204)
"1308948368.7451":(378,194,441,257) (369,161,416,208) (329,155,377,203)
"1308948369.0103":(382,187,444,249) (372,160,418,206) (326,153,373,200)
"1308948369.2728":(385,188,446,249) (366,161,413,208) (329,155,376,202)
"1308948369.5466":(383,187,445,249) (367,164,415,212) (331,154,379,202)
"1308948369.8093":(388,187,449,248) (365,163,413,211) (329,156,378,205)
"1308948370.0757":(390,189,451,250) (370,165,417,212) (328,153,375,200)
"1308948370.3408":(387,189,448,250) (373,160,419,206) (329,153,377,201)
"1308948370.6088":(386,192,447,253) (372,166,420,214) (332,154,379,201)
"1308948370.8802":(387,189,449,251) (369,162,415,208) (330,153,378,201)
"1308948371.1459":(386,187,447,248) (369,162,416,209) (330,153,377,200)
"1308948371.4118":(385,193,446,254) (369,165,415,211) (331,157,378,204)
"1308948371.6769":(383,194,445,256) (370,162,416,208) (328,152,376,200)
"1308948371.9409":(391,191,452,252) (368,161,414,207) (327,155,374,202)
"1308948372.2097":(388,191,449,252) (371,163,416,208) (333,161,382,210)
"1308948372.4809":(385,187,448,250) (372,160,418,206) (326,152,373,199)
"1308948372.7478":(390,192,452,254) (367,162,413,208) (324,154,371,201)
"1308948373.0140":(387,196,448,257) (368,163,415,210) (328,157,375,204)
"1308948373.2804":(388,188,449,249) (373,168,419,214) (331,155,378,202)
"1308948373.5432":(387,184,449,246) (369,162,416,209) (332,154,379,201)
"1308948373.8139":(386,185,448,247) (367,163,415,211) (333,153,382,202)
"1308948374.0766":(383,189,445,251) (368,163,414,209) (330,155,379,204)
"1308948374.3432":(388,192,448,252) (371,162,418,209) (331,159,379,207)
"1308948374.6112":(383,188,447,252) (371,160,417,206) (331,158,378,205)
"1308948374.8819":(387,191,448,252) (368,162,415,209) (329,153,376,200)
"1308948375.1438":(388,189,450,251) (366,168,412,214) (332,155,379,202)
"1308948375.4113":(393,188,454,249) (367,162,415,210) (327,157,374,204)
"1308948375.6792":(391,192,452,253) (373,163,420,210) (332,160,380,208)
"1308948375.9450":(391,192,452,253) (369,160,416,207) (330,153,377,200)
"1308948376.2119":(393,189,457,253) (369,161,415,207) (330,159,377,206)
"1308948376.4792":(398,189,459,250) (367,160,414,207) (330,153,378,201)
"1308948376.7436":(396,193,457,254) (367,160,413,206) (331,156,378,203)
"1308948377.0112":(387,182,448,243) (369,162,415,208) (331,152,378,199)
"1308948377.2820":(390,195,451,256) (368,165,416,213) (325,155,373,203)
"1308948377.5409":(389,187,450,248) (364,161,409,206) (331,154,378,201)
"1308948377.8114":(390,192,451,253) (368,162,414,208) (329,155,377,203)
"1308948378.0793":(392,190,454,252) (369,162,416,209) (331,155,378,202)
"1308948378.3408":(394,189,455,250) (369,160,416,207) (326,154,374,202)
"1308948378.6088":(393,192,454,253) (370,161,416,207) (333,153,381,201)
"1308948378.8767":(386,191,447,252) (372,161,419,208) (333,152,381,200)
"1308948379.1410":(395,193,456,254) (373,162,418,207) (331,154,379,202)
"1308948379.4088":(387,188,451,252) (371,167,418,214) (333,151,380,198)
"1308948379.6767":(390,189,452,251) (368,164,416,212) (331,156,378,203)
"1308948379.9473":(381,200,444,263) (370,165,416,211) (330,154,377,201)
"1308948380.2087":(391,186,454,249) (372,165,418,211) (333,153,380,200)
"1308948380.4768":(390,189,452,251) (368,166,415,213) (333,154,382,203)
"1308948380.7448":(384,186,446,248) (373,164,418,209) (327,155,374,202)
"1308948381.0088":(389,182,451,244) (371,158,417,204) (331,158,378,205)
"1308948381.2768":(392,188,453,249) (367,162,413,208) (333,163,382,212)
"1308948381.5447":(386,185,450,249) (366,164,413,211) (329,154,377,202)
"1308948381.8088":(388,194,449,255) (366,163,412,209) (330,155,378,203)
"1308948382.0768":(385,195,448,258) (362,167,407,212) (331,159,378,206)
"1308948382.3447":(388,182,450,244) (372,169,419,216) (332,161,379,208)
"1308948382.6088":(384,192,446,254) (369,167,416,214) (330,153,378,201)
"1308948382.8768":(384,194,445,255) (368,169,413,214) (329,163,377,211)
"1308948383.1448":(389,193,453,257) (372,163,418,209) (330,160,377,207)
"1308948383.4087":(392,189,453,250) (369,162,416,209) (328,157,375,204)
"1308948383.6767":(390,187,453,250) (374,164,421,211) (333,153,381,201)
"1308948383.9448":(385,184,447,246) (368,167,415,214) (336,157,383,204)
"1308948384.2089":(383,194,444,255) (370,170,415,215) (328,151,375,198)
"1308948384.4771":(386,190,445,249) (372,162,420,210) (336,154,383,201)
"1308948384.7448":(390,188,452,250) (373,169,419,215) (333,155,380,202)
"1308948385.0087":(392,193,453,254) (373,166,419,212) (335,151,383,199)
"1308948385.2789":(383,188,446,251) (373,163,420,210) (332,156,379,203)
"1308948385.5449":(391,187,452,248) (373,165,420,212) (334,154,381,201)
"1308948385.8103":(383,191,446,254) (376,163,424,211) (333,156,380,203)
"1308948386.0768":(383,181,445,243) (371,163,419,211) (329,158,376,205)
"1308948386.3447":(382,186,445,249) (377,165,424,212) (333,154,379,200)
"1308948386.6089":(383,189,445,251) (375,167,423,215) (329,157,376,204)
"1308948386.8768":(384,194,446,256) (375,162,423,210) (330,151,377,198)
"1308948387.1448":(380,187,443,250) (370,166,417,213) (329,154,376,201)
"1308948387.4092":(382,180,444,242) (371,165,418,212) (329,155,374,200)
"1308948387.6767":(382,189,445,252) (370,170,418,218) (330,155,377,202)
"1308948387.9448":(387,184,448,245) (375,170,422,217) (331,157,378,204)
"1308948388.2089":(385,186,447,248) (377,169,424,216) (328,153,375,200)
"1308948388.4768":(382,187,444,249) (369,168,417,216) (329,158,376,205)
"1308948388.7448":(385,191,446,252) (369,173,417,221) (334,156,381,203)
"1308948389.0128":(380,186,443,249) (375,165,423,213) (333,156,380,203)
"1308948389.2769":(378,192,440,254) (376,167,423,214) (330,154,377,201)
"1308948389.5450":(387,187,449,249) (372,166,420,214) (332,154,379,201)
"1308948389.8128":(383,189,444,250) (373,166,420,213) (333,154,381,202)
"1308948390.0768":(388,190,450,252) (371,169,419,217) (336,160,383,207)
"1308948390.3447":(391,188,454,251) (371,160,419,208) (336,160,384,208)
"1308948390.6128":(383,190,445,252) (371,167,418,214) (334,161,382,209)
"1308948390.8768":(383,194,445,256) (373,174,421,222) (333,163,381,211)
"1308948391.1450":(385,186,447,248) (371,168,417,214) (334,154,382,202)
"1308948391.4131":(382,184,442,244) (371,166,417,212) (338,157,385,204)
"1308948391.6769":(384,195,446,257) (373,167,421,215) (335,155,382,202)
"1308948391.9448":(388,189,449,250) (374,164,421,211) (337,153,384,200)
"1308948392.2128":(386,187,447,248) (376,170,423,217) (341,158,388,205)
"1308948392.4768":(385,189,447,251) (375,168,422,215) (342,153,390,201)
"1308948392.7495":(382,190,445,253) (379,167,426,214) (335,152,383,200)
"1308948393.0135":(390,189,452,251) (368,167,416,215) (340,155,387,202)
"1308948393.2800":(385,187,448,250) (374,167,421,214) (336,155,384,203)
"1308948393.5447":(379,186,442,249) (371,169,419,217) (336,153,384,201)
"1308948393.8128":(379,187,442,250) (370,170,418,218) (333,156,381,204)
"1308948394.0768":(384,186,445,247) (377,168,425,216) (333,156,380,203)
"1308948394.3448":(378,184,441,247) (370,165,418,213) (334,157,382,205)
"1308948394.6148":(382,186,445,249) (374,166,422,214) (330,160,377,207)
"1308948394.8769":(385,188,447,250) (381,174,429,222) (331,156,379,204)
"1308948395.1473":(379,196,442,259) (371,168,418,215) (332,160,379,207)
"1308948395.4129":(382,187,444,249) (373,169,421,217) (334,159,381,206)
"1308948395.6777":(382,185,445,248) (370,167,418,215) (329,158,376,205)
"1308948395.9449":(380,189,444,253) (371,170,418,217) (329,160,376,207)
"1308948396.2151":(380,190,443,253) (376,173,418,215) (328,160,376,208)
"1308948396.4776":(378,186,441,249) (374,169,420,215) (328,158,376,206)
"1308948396.7449":(380,185,443,248) (373,166,421,214) (329,159,376,206)
"1308948397.0161":(380,199,442,261) (374,172,422,220) (330,158,377,205)
"1308948397.2808":(378,187,440,249) (370,164,418,212) (332,163,380,211)
"1308948397.5448":(378,185,440,247) (370,164,417,211) (335,160,382,207)
"1308948397.8129":(381,188,443,250) (376,167,424,215) (336,159,383,206)
"1308948398.0807":(385,186,448,249) (372,169,420,217) (330,158,377,205)
"1308948398.3459":(382,186,444,248) (376,165,424,213) (332,159,379,206)
"1308948398.6128":(382,194,444,256) (373,173,420,220) (334,163,381,210)
"1308948398.8809":(389,185,450,246) (372,168,420,216) (326,158,373,205)
"1308948399.1449":(387,187,448,248) (372,166,420,214) (337,159,384,206)
"1308948399.4128":(381,197,442,258) (373,167,421,215) (333,162,380,209)
"1308948399.6808":(386,189,450,253) (378,162,426,210) (339,160,386,207)
"1308948399.9448":(382,192,443,253) (376,165,423,212) (338,157,385,204)
"1308948400.2129":(385,184,446,245) (372,167,419,214) (335,162,382,209)
"1308948400.4812":(384,193,444,253) (381,167,424,210) (341,158,388,205)
"1308948400.7550":(388,180,449,241) (377,165,422,210) (341,157,388,204)
"1308948401.0188":(385,186,446,247) (377,164,423,210) (338,156,385,203)
