"1308868083.2026":(-121,195,128,444)
"1308868083.4704":(-84,189,153,426)
"1308868083.7344":(-30,186,186,402)
"1308868084.0024":(19,175,218,374)
"1308868084.2704":(-37,180,120,337) (75,173,255,353)
"1308868084.5345":(13,171,158,316) (134,165,296,327) (-32,165,85,282)
"1308868084.8074":(51,168,185,302) (161,159,310,308) (5,158,112,265)
"1308868085.0722":(78,159,203,284) (177,154,312,289) (37,159,139,261)
"1308868085.3344":(114,159,230,275) (194,149,317,272) (75,157,173,255)
"1308868085.6044":(146,154,253,261) (224,150,337,263) (96,153,190,247)
"1308868085.8747":(166,153,266,253) (245,143,349,247) (109,153,197,241)
"1308868086.1345":(173,147,267,241) (249,142,346,239) (113,145,198,230)
"1308868086.4069":(186,145,274,233) (249,137,339,227) (130,145,210,225)
"1308868086.6703":(205,144,288,227) (261,135,346,220) (149,144,225,220)
"1308868086.9345":(215,142,293,220) (280,136,361,217) (165,140,237,212)
"1308868087.2023":(221,141,296,216) (286,134,362,210) (170,141,238,209)
"1308868087.4740":(233,138,304,209) (281,133,355,207) (175,138,241,204)
"1308868087.7419":(243,137,310,204) (271,131,344,204) (188,139,252,203)
"1308868088.0066":(247,136,312,201) (267,129,337,199) (202,137,264,199)
"1308868088.2704":(238,135,301,198) (273,131,342,200) (205,134,266,195)
"1308868088.5420":(238,134,300,196) (278,128,344,194) (203,135,264,196)
"1308868088.8082":(242,133,303,194) (280,128,346,194) (194,134,253,193)
"1308868089.0796":(247,134,305,192) (281,129,346,194) (191,134,250,193)
"1308868089.3438":(256,132,314,190) (283,130,348,195) (193,134,251,192)
"1308868089.6029":(266,134,324,192) (288,130,354,196) (193,132,250,189)
"1308868089.8703":(258,134,316,192) (293,130,359,196) (191,133,248,190)
"1308868090.1383":(255,134,314,193) (294,131,360,197) (190,133,248,191)
"1308868090.4054":(249,132,309,192) (291,130,357,196) (187,133,245,191)
"1308868090.6784":(241,136,302,197) (281,129,349,197) (181,136,241,196)
"1308868090.9386":(244,136,308,200) (270,130,340,200) (167,135,229,197)
"1308868091.2060":(242,135,308,201) (268,129,341,202) (164,135,229,200)
"1308868091.4721":(223,138,291,206) (265,132,339,206) (164,137,231,204)
"1308868091.7384":(215,137,286,208) (257,132,333,208) (158,137,227,206)
"1308868092.0031":(207,139,280,212) (251,133,329,211) (143,141,215,213)
"1308868092.2754":(213,140,289,216) (239,135,322,218) (131,141,207,217)
"1308868092.5427":(200,141,279,220) (229,134,315,220) (120,145,199,224)
"1308868092.8025":(177,142,259,224) (222,137,312,227) (115,146,198,229)
"1308868093.0714":(168,144,254,230) (221,139,317,235) (103,147,189,233)
"1308868093.3422":(160,148,248,236) (213,139,314,240) (78,151,171,244)
"1308868093.6024":(158,146,253,241) (199,142,305,248) (48,151,144,247)
"1308868093.8710":(140,150,239,249) (178,143,289,254) (19,157,119,257)
"1308868094.1434":(93,155,198,260) (156,145,274,263) (-5,159,101,265)
"1308868094.4024":(68,153,177,262) (141,149,262,270) (-47,162,63,272)
"1308868094.6753":(40,160,156,276) (118,151,251,284)
"1308868094.9385":(9,160,131,282) (92,151,232,291)
"1308868095.2073":(-40,171,89,300) (60,157,211,308)
"1308868095.4703":(-65,177,72,314) (31,158,190,317)
"1308868095.7434":(8,156,169,317)
"1308868096.0024":(-12,158,147,317)
"1308868096.2736":(-7,161,148,316)
"1308868096.5438":(6,153,156,303)
"1308868096.8064":(12,156,160,304)
"1308868097.0709":(9,157,155,303)
"1308868097.3385":(-2,153,140,295)
"1308868097.6167":(-25,152,115,292)
"1308868097.8811":(-35,156,104,295)
"1308868098.1383":(-32,157,108,297)
"1308868098.4062":(-34,157,106,297)
"1308868098.6754":(-30,154,110,294)
"1308868098.9382":(-20,152,119,291)
"1308868099.2238":(-1,149,137,287)
"1308868099.5131":(18,154,158,294)
"1308868099.7703":(46,152,183,289)
"1308868100.0476":(72,152,201,281)
"1308868100.3110":(95,149,215,269)
"1308868100.5703":(108,144,226,262)
"1308868100.8383":(-21,168,127,316) (131,145,242,256)
"1308868101.1062":(2,163,138,299) (158,142,264,248)
"1308868101.3705":(44,160,174,290) (168,141,269,242)
"1308868101.6383":(80,158,203,281) (183,138,278,233)
"1308868101.9063":(110,156,228,274) (192,134,283,225)
"1308868102.1703":(125,152,235,262) (216,136,303,223) (-63,181,90,334)
"1308868102.4383":(148,154,252,258) (235,136,317,218) (-4,174,135,313)
"1308868102.7063":(177,149,274,246) (256,135,332,211) (39,171,174,306)
"1308868102.9703":(189,147,282,240) (270,135,345,210) (63,171,189,297)
"1308868103.2383":(205,143,291,229) (293,139,363,209) (87,160,205,278)
"1308868103.5063":(221,141,304,224) (303,133,369,199) (107,160,218,271)
"1308868103.7703":(245,144,321,220) (311,129,376,194) (146,158,251,263)
"1308868104.0383":(243,135,317,209) (319,127,382,190) (165,151,264,250)
"1308868104.3063":(251,140,320,209) (318,127,381,190) (174,151,267,244)
"1308868104.5703":(261,133,327,199) (319,127,381,189) (177,145,264,232)
"1308868104.8383":(273,136,336,199) (327,127,388,188) (182,148,264,230)
"1308868105.1063":(277,134,338,195) (330,128,389,187) (198,145,276,223)
"1308868105.3743":(282,132,341,191) (325,123,383,181) (197,141,272,216)
"1308868105.6383":(285,131,344,190) (328,126,384,182) (196,141,267,212)
"1308868105.9063":(284,127,342,185) (323,123,378,178) (191,135,259,203)
"1308868106.1743":(286,130,344,188) (325,123,380,178) (200,139,266,205)
"1308868106.4383":(286,130,343,187) (327,123,382,178) (207,136,273,202)
"1308868106.7063":(280,130,338,188) (327,123,383,179) (210,136,275,201)
"1308868106.9743":(271,136,329,194) (331,121,386,176) (216,137,280,201)
"1308868107.2383":(269,132,326,189) (333,122,390,179) (213,136,278,201)
"1308868107.5063":(277,131,337,191) (336,123,393,180) (209,139,275,205)
"1308868107.7743":(278,136,339,197) (326,124,383,181) (208,139,276,207)
"1308868108.0383":(273,133,335,195) (317,123,374,180) (213,138,285,210)
"1308868108.3063":(254,133,319,198) (307,124,365,182) (210,141,284,215)
"1308868108.5743":(249,136,315,202) (309,129,369,189) (196,146,272,222)
"1308868108.8383":(244,136,313,205) (310,129,373,192) (184,143,265,224)
"1308868109.1063":(237,137,309,209) (301,130,367,196) (170,149,256,235)
"1308868109.3743":(223,141,299,217) (284,129,353,198) (161,151,251,241)
"1308868109.6383":(199,144,279,224) (271,129,344,202) (135,154,232,251)
"1308868109.9063":(185,150,268,233) (268,132,344,208) (92,162,195,265)
"1308868110.1743":(185,146,273,234) (265,130,344,209) (51,155,163,267)
"1308868110.4383":(161,148,256,243) (247,134,331,218) (21,169,139,287)
"1308868110.7063":(123,153,224,254) (230,136,319,225) (-18,169,112,299)
"1308868110.9743":(90,154,198,262) (217,140,313,236) (-68,187,76,331)
"1308868111.2383":(65,160,183,278) (206,141,308,243)
"1308868111.5063":(21,162,149,290) (190,151,300,261)
"1308868111.7743":(-44,169,95,308) (153,149,271,267)
"1308868112.0383":(110,152,238,280)
"1308868112.3063":(79,159,219,299)
"1308868112.5743":(46,172,202,328)
"1308868112.8383":(-20,177,148,345)
"1308868113.1072":(-84,190,107,381)
