"1308867972.5585":(481,203,684,406)
"1308867972.8300":(482,206,680,404)
"1308867973.0943":(480,204,681,405)
"1308867973.3609":(485,212,702,429)
"1308867974.9589":(423,207,634,418)
"1308867975.2305":(376,190,562,376)
"1308867975.4948":(354,179,514,339)
"1308867975.7625":(345,171,486,312)
"1308867976.0268":(316,172,445,301)
"1308867976.2944":(282,160,400,278)
"1308867976.5641":(259,152,364,257)
"1308867976.8264":(255,150,354,249)
"1308867977.3634":(226,146,310,230)
"1308867977.6318":(206,139,286,219)
"1308867977.8945":(195,140,270,215)
"1308867978.4317":(189,143,257,211)
"1308867978.6979":(178,130,242,194)
"1308867978.9584":(170,134,233,197)
"1308867979.2315":(170,137,228,195)
"1308867979.4991":(166,126,222,182)
"1308867979.7625":(169,127,224,182)
"1308867980.0317":(166,125,221,180)
"1308867980.2979":(154,129,208,183)
"1308867980.5624":(157,127,211,181)
"1308867980.8265":(158,129,213,184)
"1308867981.0978":(171,127,227,183)
"1308867981.3658":(183,132,239,188)
"1308867981.6320":(177,130,237,190)
"1308867981.8980":(180,139,242,201)
"1308867982.1703":(196,137,259,200)
"1308867982.4273":(202,136,267,201)
"1308867982.6944":(207,135,275,203)
"1308867982.9690":(211,145,286,220)
"1308867983.2325":(232,144,309,221)
"1308867983.4947":(239,150,323,234)
"1308867983.7691":(255,164,345,254)
"1308867984.0368":(265,157,364,256)
"1308867984.2973":(282,159,389,266)
"1308867984.5625":(300,164,416,280)
"1308867984.8265":(278,174,406,302)
"1308867985.0992":(236,192,377,333)
"1308867985.3714":(189,196,342,349)
"1308867985.6368":(124,216,299,391)
"1308867985.8998":(25,210,223,408)
"1308867986.1663":(-62,213,143,418)
"1308867991.2303":(5,170,150,315)
"1308867991.4943":(65,165,200,300)
"1308867991.7623":(110,165,233,288)
"1308867992.0302":(154,152,261,259)
"1308867992.2942":(189,150,288,249)
"1308867992.5625":(213,146,306,239)
"1308867992.8303":(220,149,306,235)
"1308867993.0989":(239,143,318,222)
"1308867993.3622":(248,139,321,212)
"1308867993.6305":(252,135,320,203)
"1308867993.8968":(252,141,318,207)
"1308867994.1648":(248,138,312,202)
"1308867994.6967":(240,137,297,194)
"1308867994.9648":(230,134,287,191)
"1308867995.2328":(214,134,270,190)
"1308867995.4969":(206,128,263,185)
"1308867995.7648":(203,131,258,186)
"1308867996.0328":(193,131,249,187)
"1308867996.2945":(203,128,259,184)
"1308867996.5647":(200,130,256,186)
"1308867996.8326":(214,130,270,186)
"1308867997.1007":(208,135,267,194)
"1308867997.3648":(205,132,266,193)
"1308867997.6328":(215,145,280,210)
"1308867997.9007":(220,139,288,207)
"1308867998.1623":(215,134,287,206)
"1308867998.4330":(211,139,287,215)
"1308867998.7008":(209,157,291,239)
"1308867998.9623":(212,145,299,232)
"1308867999.2303":(198,147,292,241)
"1308867999.5007":(178,155,279,256)
"1308867999.7623":(132,164,242,274)
"1308868000.0303":(94,170,215,291)
"1308868000.2983":(23,163,154,294)
"1308868000.5623":(-31,176,110,317)
"1308868004.0303":(-38,195,122,355)
"1308868004.2984":(12,178,160,326)
"1308868004.5624":(68,178,199,309)
"1308868004.8304":(110,177,231,298)
"1308868005.0983":(168,162,282,276)
"1308868005.6304":(191,149,288,246)
"1308868005.8983":(224,154,312,242)
"1308868006.1663":(244,149,328,233)
"1308868006.4303":(257,150,335,228)
"1308868006.9663":(273,143,342,212)
"1308868007.2303":(289,139,355,205)
"1308868007.7664":(302,135,362,195)
"1308868008.0304":(309,132,366,189)
"1308868008.2983":(321,133,376,188)
"1308868008.8304":(333,129,386,182)
"1308868009.0983":(336,132,391,187)
"1308868009.3663":(333,130,386,183)
"1308868009.6303":(330,142,382,194)
"1308868009.8983":(324,127,377,180)
"1308868010.1663":(318,133,372,187)
"1308868010.4303":(306,128,360,182)
"1308868010.6983":(303,138,358,193)
"1308868010.9663":(302,135,361,194)
"1308868011.2304":(286,136,347,197)
"1308868011.4983":(271,138,336,203)
"1308868011.7666":(257,144,323,210)
"1308868012.0306":(246,144,318,216)
"1308868012.2983":(227,144,303,220)
"1308868012.5663":(197,154,278,235)
"1308868012.8304":(166,152,252,238)
"1308868013.0984":(136,157,229,250)
"1308868013.3664":(111,152,210,251)
"1308868013.6326":(62,161,168,267)
"1308868013.8986":(10,159,123,272)
"1308868014.1664":(-25,169,93,287)
"1308868019.2344":(-15,182,127,324)
"1308868019.5045":(43,168,172,297)
"1308868019.7664":(106,167,223,284)
"1308868020.0344":(132,152,239,259)
"1308868020.2983":(162,162,259,259)
"1308868020.5672":(186,148,273,235)
"1308868020.8370":(213,146,297,230)
"1308868021.0983":(226,141,304,219)
"1308868021.3666":(232,145,305,218)
"1308868021.6383":(259,147,327,215)
"1308868021.8984":(270,135,335,200)
"1308868022.1663":(279,131,341,193)
"1308868022.4343":(282,134,340,192)
"1308868022.9665":(312,141,367,196)
"1308868023.5024":(313,140,367,194)
"1308868023.7664":(309,135,364,190)
"1308868024.0345":(292,134,349,191)
"1308868024.3025":(292,142,351,201)
"1308868024.5666":(281,135,344,198)
"1308868024.8344":(264,141,330,207)
"1308868025.1025":(234,145,306,217)
"1308868025.3665":(217,145,292,220)
"1308868025.6357":(195,159,276,240)
"1308868025.9037":(173,151,262,240)
"1308868026.1663":(128,150,221,243)
"1308868026.4344":(89,153,186,250)
"1308868026.7030":(54,172,163,281)
"1308868026.9664":(3,163,120,280)
"1308868029.6367":(-14,232,289,535)
"1308868029.9050":(13,209,281,477)
"1308868030.1688":(63,198,298,433)
"1308868030.4367":(112,172,318,378)
"1308868030.7023":(127,175,305,353)
"1308868030.9690":(154,162,311,319)
"1308868031.2367":(179,167,324,312)
"1308868031.5047":(189,147,313,271)
"1308868031.7690":(215,146,326,257)
"1308868032.0344":(222,155,325,258)
"1308868032.3048":(233,133,327,227)
"1308868032.5728":(239,135,325,221)
"1308868032.8368":(254,133,336,215)
"1308868033.1047":(255,139,332,216)
"1308868033.3727":(269,132,342,205)
"1308868033.6343":(273,130,342,199)
"1308868033.9050":(277,134,348,205)
"1308868034.1727":(276,131,345,200)
"1308868034.4343":(289,134,358,203)
"1308868034.7023":(287,139,356,208)
"1308868034.9727":(287,139,360,212)
"1308868035.2344":(287,149,363,225)
"1308868035.5023":(301,137,382,218)
"1308868035.7703":(321,138,407,224)
"1308868036.0343":(293,136,385,228)
"1308868036.3023":(315,142,413,240)
"1308868036.5704":(314,144,421,251)
"1308868036.8343":(333,149,451,267)
"1308868037.1024":(353,159,482,288)
"1308868037.3703":(353,185,495,327)
"1308868037.6344":(405,167,561,323)
"1308868037.9023":(459,169,631,341)
"1308868038.1703":(506,188,700,382)
"1308868041.1024":(479,191,687,399)
"1308868041.3703":(402,180,595,373)
"1308868041.9024":(293,172,452,331)
"1308868042.1704":(273,162,424,313)
"1308868042.4383":(249,162,381,294)
"1308868042.7023":(214,150,340,276)
"1308868042.9703":(204,143,321,260)
"1308868043.2383":(192,145,300,253)
"1308868043.5024":(187,143,293,249)
"1308868044.0383":(154,143,250,239)
"1308868044.3023":(147,139,239,231)
"1308868044.5703":(136,139,228,231)
"1308868044.8384":(112,141,204,233)
"1308868045.1023":(88,153,184,249)
"1308868045.3704":(43,142,145,244)
"1308868045.6384":(1,147,109,255)
"1308868045.9024":(-43,156,74,273)
