"1308949136.0250":(374,189,438,253)
"1308949136.2929":(377,190,441,254)
"1308949136.5570":(374,187,437,250)
"1308949136.8250":(371,195,434,258)
"1308949137.0929":(373,194,435,256)
"1308949137.3571":(381,188,443,250)
"1308949137.6250":(376,188,440,252)
"1308949137.8941":(372,189,435,252)
"1308949138.1569":(371,197,433,259)
"1308949138.4250":(374,190,437,253)
"1308949138.6940":(381,198,442,259)
"1308949138.9572":(378,200,440,262)
"1308949139.2250":(379,190,442,253)
"1308949139.4930":(372,197,435,260)
"1308949139.7570":(377,191,441,255)
"1308949140.0319":(379,194,443,258)
"1308949140.2929":(373,193,436,256)
"1308949140.5624":(380,190,442,252)
"1308949140.8251":(385,189,445,249)
"1308949141.0930":(369,196,431,258)
"1308949141.3610":(376,197,437,258)
"1308949141.6251":(378,188,442,252)
"1308949141.8950":(371,191,434,254)
"1308949142.1610":(379,190,443,254)
"1308949142.4250":(-66,165,101,332) (376,198,440,262)
"1308949142.6931":(-29,162,126,317) (372,188,436,252)
"1308949142.9610":(12,154,157,299) (376,189,441,254)
"1308949143.2312":(57,148,189,280) (382,188,444,250)
"1308949143.4940":(81,150,209,278) (370,190,432,252)
"1308949143.7609":(112,152,234,274) (371,194,434,257)
"1308949144.0285":(135,138,251,254) (380,186,442,248)
"1308949144.2988":(134,141,252,259) (373,189,435,251)
"1308949144.5665":(153,156,264,267) (369,200,431,262)
"1308949144.8321":(155,143,262,250) (374,189,436,251)
"1308949145.0931":(157,145,267,255) (375,185,437,247)
"1308949145.3615":(149,142,259,252) (375,204,437,266)
"1308949145.6308":(153,141,261,249) (374,186,436,248)
"1308949145.8973":(156,138,264,246) (371,194,433,256)
"1308949146.1610":(162,148,270,256) (374,187,438,251)
"1308949146.4293":(155,139,265,249) (382,189,444,251)
"1308949146.6934":(174,143,284,253) (375,188,436,249)
"1308949146.9610":(194,151,303,260) (378,190,440,252)
"1308949147.2375":(222,142,328,248) (375,187,439,251)
"1308949147.4931":(228,148,335,255) (376,193,439,256)
"1308949147.7665":(237,146,344,253) (372,190,434,252)
"1308949148.0306":(242,142,348,248) (374,195,438,259)
"1308949148.2934":(231,141,337,247) (377,194,440,257)
"1308949148.5640":(231,142,338,249) (376,187,438,249)
"1308949148.8333":(228,145,333,250) (374,187,433,247)
"1308949149.1034":(219,144,326,251) (375,189,438,252)
"1308949149.3610":(187,151,293,257) (373,194,435,256)
"1308949149.6289":(163,163,270,270) (377,183,440,246)
"1308949149.8929":(122,145,230,253) (375,182,438,245)
"1308949150.1648":(105,149,219,263) (374,188,438,252)
"1308949150.4291":(91,142,212,263) (377,191,438,252)
"1308949150.6929":(69,147,192,270) (375,189,437,251)
"1308949150.9611":(47,154,170,277) (374,196,437,259)
"1308949151.2289":(23,154,148,279) (376,191,439,254)
"1308949151.4929":(-26,147,98,271) (375,196,437,258)
"1308949151.7608":(-46,153,77,276) (374,195,438,259)
"1308949152.0445":(375,189,440,254)
"1308949152.3318":(375,198,438,261)
"1308949152.5930":(373,186,437,250)
"1308949152.8609":(375,190,437,252)
"1308949153.1289":(377,196,441,260)
"1308949153.3930":(380,190,443,253)
"1308949153.6609":(381,189,442,250)
"1308949153.9335":(376,197,439,260)
"1308949154.1929":(372,183,435,246)
"1308949154.4609":(380,189,441,250)
"1308949154.7289":(380,190,442,252)
"1308949154.9933":(377,187,441,251)
"1308949155.2609":(376,187,439,250)
"1308949155.5289":(378,186,440,248)
"1308949155.7931":(381,183,442,244)
"1308949156.0609":(375,182,438,245)
"1308949156.3289":(377,188,439,250)
"1308949156.5930":(383,189,445,251)
"1308949156.8610":(376,185,439,248)
"1308949157.1289":(380,195,442,257)
"1308949157.3930":(383,192,444,253)
"1308949157.6609":(375,184,439,248)
"1308949157.9289":(377,187,438,248)
"1308949158.1931":(381,188,443,250)
"1308949158.4610":(377,186,438,247)
"1308949158.7289":(380,197,441,258)
"1308949158.9969":(383,194,444,255)
"1308949159.2610":(378,194,441,257)
"1308949159.5293":(379,188,442,251)
"1308949159.7974":(375,185,436,246)
"1308949160.0611":(379,193,442,256)
"1308949160.3290":(380,188,443,251)
"1308949160.5970":(378,195,441,258)
"1308949160.8611":(385,193,446,254)
"1308949161.1313":(382,186,443,247)
"1308949161.3969":(375,188,438,251)
"1308949161.6610":(382,193,444,255)
"1308949161.9290":(372,188,435,251)
"1308949162.1969":(-58,164,124,346) (373,189,435,251)
"1308949162.4610":(0,168,172,340) (382,188,445,251)
"1308949162.7289":(22,149,175,302) (380,195,442,257)
"1308949162.9969":(50,150,198,298) (374,187,435,248)
"1308949163.2609":(83,156,230,303) (376,193,440,257)
"1308949163.5290":(117,151,254,288) (379,188,441,250)
"1308949163.7969":(143,149,276,282) (373,189,436,252)
"1308949164.0610":(165,152,290,277) (376,198,440,262)
"1308949164.3289":(174,142,297,265) (373,186,434,247)
"1308949164.5969":(196,147,316,267) (372,188,434,250)
"1308949164.8610":(201,139,318,256) (376,189,439,252)
"1308949165.1291":(197,144,310,257) (367,187,429,249)
"1308949165.3969":(190,143,306,259) (378,190,441,253)
"1308949165.6611":(158,142,275,259) (377,192,438,253)
"1308949165.9290":(147,146,269,268) (385,186,447,248)
"1308949166.1969":(115,149,241,275) (379,181,442,244)
"1308949166.4611":(110,154,239,283) (375,194,436,255)
"1308949166.7303":(106,152,245,291) (373,193,437,257)
"1308949166.9969":(82,159,232,309) (374,191,438,255)
"1308949167.2650":(67,161,219,313) (378,190,442,254)
"1308949167.5290":(64,161,219,316) (378,183,440,245)
"1308949167.7969":(33,159,192,318) (378,195,439,256)
"1308949168.0690":(11,164,170,323) (367,184,431,248)
"1308949168.3290":(-13,169,144,326) (375,192,436,253)
"1308949168.5969":(-48,174,106,328) (366,187,430,251)
"1308949168.8649":(-37,176,124,337) (373,190,435,252)
"1308949169.1290":(-28,178,141,347) (372,187,433,248)
"1308949169.3979":(-37,180,137,354) (371,188,433,250)
"1308949169.6650":(-35,184,130,349) (374,195,438,259)
"1308949169.9290":(-46,177,120,343) (376,190,440,254)
"1308949170.1969":(-58,175,110,343) (373,193,435,255)
"1308949170.4652":(-51,188,115,354) (377,189,439,251)
"1308949170.7293":(-63,185,106,354) (381,193,444,256)
"1308949170.9969":(-75,192,114,381) (377,193,438,254)
"1308949171.2675":(379,196,442,259)
"1308949171.5289":(380,193,441,254)
"1308949171.7970":(376,187,437,248)
"1308949172.0650":(375,189,438,252)
"1308949172.3290":(374,191,437,254)
"1308949172.5971":(377,199,438,260)
"1308949172.8650":(385,188,448,251)
"1308949173.1290":(373,187,435,249)
"1308949173.6650":(382,193,443,254)
"1308949173.9291":(377,196,440,259)
"1308949174.2039":(381,188,442,249)
"1308949174.4651":(374,192,436,254)
"1308949174.7301":(383,188,446,251)
"1308949174.9974":(382,186,443,247)
"1308949175.2650":(377,188,440,251)
"1308949175.5290":(379,190,442,253)
"1308949175.7970":(374,194,438,258)
"1308949176.0649":(380,187,443,250)
"1308949176.3333":(377,188,438,249)
"1308949176.8649":(379,186,441,248)
"1308949177.1383":(374,189,437,252)
"1308949177.3971":(383,188,445,250)
"1308949177.6652":(385,186,446,247)
"1308949177.9339":(379,187,440,248)
"1308949178.1970":(387,190,450,253)
"1308949178.4651":(381,190,443,252)
"1308949178.7329":(380,186,441,247)
"1308949178.9969":(382,189,445,252)
