"1308610802.5259":(236,156,302,222)
"1308610802.7939":(226,156,292,222)
"1308610803.0579":(236,159,302,225)
"1308610803.3289":(235,156,300,221)
"1308610803.5939":(237,158,303,224)
"1308610803.8579":(235,160,301,226)
"1308610804.1259":(239,156,305,222)
"1308610804.3939":(237,150,302,215)
"1308610804.6619":(236,152,302,218)
"1308610804.9301":(228,153,293,218)
"1308610805.4619":(245,153,311,219)
"1308610805.7258":(233,153,299,219)
"1308610805.9981":(237,156,302,221)
"1308610806.2661":(240,155,306,221)
"1308610806.5259":(233,152,299,218)
"1308610806.7981":(236,157,302,223)
"1308610807.0619":(234,154,303,223)
"1308610807.3259":(228,157,301,230)
"1308610807.8619":(235,165,315,245)
"1308610808.1259":(231,173,317,259)
"1308610808.3939":(223,176,316,269)
"1308610808.6619":(226,187,327,288)
"1308610808.9309":(227,189,336,298)
"1308610809.1939":(216,199,335,318)
"1308610809.4619":(218,208,351,341)
"1308610809.7259":(214,220,363,369)
"1308610809.9939":(225,232,394,401)
"1308610810.2651":(208,247,394,433)
"1308610810.5260":(216,263,425,472)
"1308610810.7944":(221,285,452,516)
"1308610811.0619":(204,294,469,559)
"1308610811.3269":(202,295,480,573)
"1308610811.5940":(209,310,501,602)
"1308610811.8658":(237,322,546,631)
"1308610812.1260":(236,315,562,641)
"1308610812.3941":(268,329,555,616)
"1308610812.6658":(267,313,533,579)
"1308610812.9298":(248,283,478,513)
"1308610813.1976":(216,248,414,446)
"1308610813.4633":(212,229,389,406)
"1308610813.7308":(206,204,355,353)
"1308610814.0006":(205,208,333,336)
"1308610814.2627":(199,189,313,303)
"1308610814.5338":(212,185,315,288)
"1308610814.7939":(226,173,320,267)
"1308610815.0652":(222,169,308,255)
"1308610815.3300":(225,159,302,236)
"1308610815.5939":(236,156,308,228)
"1308610815.8661":(248,156,314,222)
"1308610816.1333":(250,151,313,214)
"1308610816.3988":(258,145,318,205)
"1308610816.6670":(278,146,337,205)
"1308610816.9330":(288,144,344,200)
"1308610817.1993":(292,141,344,193)
"1308610817.4675":(286,148,340,202)
"1308610817.7354":(290,145,344,199)
"1308610817.9945":(279,146,334,201)
"1308610818.2684":(299,145,352,198)
"1308610818.5358":(307,146,359,198)
"1308610818.7941":(316,141,368,193)
"1308610819.0665":(316,140,367,191)
"1308610819.3364":(314,145,365,196)
"1308610819.5977":(314,145,365,196)
"1308610819.8630":(315,141,366,192)
"1308610820.1299":(304,142,356,194)
"1308610820.3955":(285,142,336,193)
"1308610820.6654":(269,146,319,196)
"1308610820.9338":(250,145,301,196)
"1308610821.2003":(243,147,294,198)
"1308610821.4659":(243,140,293,190)
"1308610821.7303":(241,142,290,191)
"1308610821.9938":(247,140,297,190)
"1308610822.2635":(248,144,298,194)
"1308610822.8014":(515,197,733,415)
"1308610823.0685":(505,208,691,394)
"1308610823.3352":(474,186,631,343)
"1308610823.6021":(463,163,603,303)
"1308610823.8647":(426,168,551,293)
"1308610824.1298":(429,155,542,268)
"1308610824.4016":(403,153,504,254)
"1308610824.6662":(380,153,472,245)
"1308610824.9299":(383,145,467,229)
"1308610825.1978":(379,140,455,216)
"1308610825.4620":(349,138,419,208)
"1308610825.7416":(337,145,402,210)
"1308610826.0034":(317,140,380,203)
"1308610826.2621":(306,135,366,195)
"1308610826.5326":(284,136,342,194)
"1308610826.8050":(271,139,329,197)
"1308610827.0619":(265,138,324,197)
"1308610827.3299":(257,144,320,207)
"1308610827.6042":(251,138,317,204)
"1308610827.8619":(226,138,296,208)
"1308610828.4037":(233,138,311,216)
"1308610828.6619":(213,145,294,226)
"1308610828.9299":(207,148,297,238)
"1308610829.1978":(204,155,301,252)
"1308610829.4619":(213,156,320,263)
"1308610829.7301":(196,168,314,286)
"1308610829.9978":(188,168,319,299)
"1308610830.2619":(211,182,356,327)
"1308610830.5299":(225,192,388,355)
"1308610830.7978":(192,215,377,400)
"1308610831.0619":(156,225,364,433)
"1308610831.3299":(160,225,392,457)
"1308610831.5979":(153,228,407,482)
"1308610831.8658":(179,213,417,451)
"1308610832.1299":(179,201,390,412)
"1308610832.3979":(165,198,350,383)
"1308610832.6659":(152,178,313,339)
"1308610832.9299":(164,175,304,315)
"1308610833.1979":(188,164,314,290)
"1308610833.4664":(195,159,308,272)
"1308610833.7299":(198,150,299,251)
"1308610833.9979":(209,155,303,249)
"1308610834.2658":(229,145,312,228)
"1308610834.5299":(231,141,310,220)
"1308610834.7979":(232,139,305,212)
"1308610835.0659":(237,139,305,207)
"1308610835.3299":(255,141,320,206)
"1308610835.5979":(265,138,325,198)
"1308610835.8659":(274,126,331,183)
"1308610836.1299":(294,133,349,188)
"1308610836.3979":(313,133,368,188)
"1308610836.6658":(325,129,379,183)
"1308610836.9299":(342,131,394,183)
"1308610837.1979":(347,130,400,183)
"1308610837.4658":(359,127,412,180)
"1308610837.7299":(360,130,413,183)
"1308610837.9979":(369,132,421,184)
"1308610838.2659":(245,143,295,193)
"1308610838.5348":(374,131,426,183) (246,141,295,190)
"1308610838.7979":(369,130,421,182) (249,140,296,187) (-119,339,196,654)
"1308610839.0659":(-115,264,185,564)
"1308610839.3299":(368,127,419,178) (245,140,291,186) (-69,221,216,506)
"1308610839.5979":(368,127,419,178) (246,141,291,186) (-2,211,245,458)
"1308610839.8659":(367,130,419,182) (247,141,292,186) (47,187,260,400)
"1308610840.1299":(369,131,421,183) (243,146,292,195) (77,176,255,354)
"1308610840.3979":(371,131,421,181) (248,139,294,185) (108,161,266,319)
"1308610840.6658":(372,125,424,177) (244,137,290,183) (150,154,288,292)
"1308610840.9338":(376,128,416,168) (245,140,290,185) (174,157,297,280)
"1308610841.1979":(368,124,420,176) (176,141,286,251)
"1308610841.4659":(371,131,423,183) (193,135,293,235)
"1308610841.7339":(366,133,418,185) (207,139,299,231)
"1308610841.9979":(368,127,419,178) (216,137,302,223)
"1308610842.2659":(373,130,424,181) (200,134,279,213)
"1308610842.5339":(362,123,414,175) (209,129,285,205)
"1308610842.7979":(368,129,420,181) (214,125,286,197)
"1308610843.0659":(227,129,296,198)
"1308610843.3339":(368,127,420,179) (229,128,296,195)
"1308610843.5979":(368,124,419,175) (242,129,307,194)
"1308610843.8658":(370,126,422,178) (244,127,307,190)
"1308610844.1339":(367,130,419,182) (229,131,294,196)
"1308610844.3979":(369,129,421,181) (222,131,291,200)
"1308610844.6658":(363,131,414,182) (217,134,287,204)
"1308610844.9339":(363,129,415,181) (226,132,302,208)
"1308610845.1984":(365,128,417,180) (221,132,301,212)
"1308610845.4659":(363,128,413,178) (242,141,290,189) (208,139,294,225)
"1308610845.7339":(369,126,421,178) (245,143,291,189) (185,139,276,230)
"1308610845.9979":(367,128,419,180) (249,137,295,183) (182,143,281,242)
"1308610846.2659":(362,126,414,178) (243,141,291,189) (169,144,277,252)
"1308610846.5339":(371,128,420,177) (247,140,295,188) (150,151,268,269)
"1308610846.7998":(370,132,422,184) (242,138,290,186) (117,156,249,288)
"1308610847.0682":(370,129,422,181) (250,137,299,186) (115,158,257,300)
"1308610847.3339":(371,130,423,182) (247,139,294,186) (111,163,270,322)
"1308610847.5986":(364,125,415,176) (241,142,291,192) (84,171,261,348)
"1308610847.8665":(52,191,252,391)
"1308610848.1353":(29,198,261,430)
"1308610848.3979":(-4,239,264,507)
"1308610848.6659":(366,128,417,179) (-90,299,296,685)
"1308610848.9339":(365,124,416,175)
"1308610849.2024":(367,131,419,183)
"1308610849.4714":(369,130,421,182)
"1308610849.7339":(364,124,416,176)
"1308610850.0034":(369,130,421,182)
"1308610850.2660":(368,127,419,178)
"1308610851.3389":(366,132,418,184)
"1308610851.6019":(356,126,408,178)
"1308610851.8659":(364,128,416,180)
"1308610852.1339":(365,128,417,180)
"1308610852.9339":(361,130,413,182)
"1308610853.2019":(359,128,411,180)
"1308610853.4666":(358,128,409,179)
