"1308692277.3625":(439,193,615,369) (189,156,273,240)
"1308692277.6266":(443,191,629,377) (181,153,264,236)
"1308692277.8946":(445,189,624,368) (173,154,258,239)
"1308692278.1626":(441,189,626,374) (172,156,256,240)
"1308692278.4267":(433,196,613,376) (169,153,252,236)
"1308692278.6946":(427,192,609,374) (158,161,239,242)
"1308692278.9626":(432,185,611,364) (158,150,242,234)
"1308692279.2266":(431,188,610,367) (164,148,250,234)
"1308692279.4946":(435,192,610,367) (169,148,253,232)
"1308692279.7626":(420,187,586,353) (165,141,249,225)
"1308692280.0266":(414,185,578,349) (172,142,256,226)
"1308692280.2983":(391,184,542,335) (173,146,257,230)
"1308692280.5626":(367,189,527,349) (163,148,247,232)
"1308692280.8306":(322,184,502,364) (162,146,247,231)
"1308692281.0983":(303,187,482,366) (151,150,234,233)
"1308692281.3626":(308,185,475,352) (143,153,227,237)
"1308692281.6306":(296,179,451,334) (154,146,236,228)
"1308692281.8977":(292,172,439,319) (156,144,238,226)
"1308692282.1672":(291,172,428,309) (148,152,231,235)
"1308692282.4306":(261,166,389,294) (132,150,218,236)
"1308692282.6987":(238,162,362,286) (124,148,212,236)
"1308692282.9626":(244,166,361,283) (120,153,209,242)
"1308692283.5018":(248,150,348,250) (125,154,220,249)
"1308692283.7692":(228,150,322,244) (124,153,223,252)
"1308692284.0306":(223,149,315,241) (111,158,211,258)
"1308692284.2947":(244,151,331,238) (93,158,198,263) (-158,219,185,562)
"1308692284.5636":(253,144,334,225) (77,163,185,271) (-136,201,160,497)
"1308692284.8342":(253,142,329,218) (79,162,187,270) (-77,198,192,467)
"1308692285.0948":(239,142,312,215) (95,166,202,273) (1,199,241,439)
"1308692285.3627":(234,137,307,210) (89,169,208,288) (101,192,316,407)
"1308692285.6347":(244,144,314,214) (82,168,202,288) (139,179,334,374)
"1308692285.8946":(251,136,317,202) (70,169,190,289) (182,163,357,338)
"1308692286.1657":(31,173,159,301) (224,160,379,315)
"1308692286.4350":(259,130,321,192) (24,178,154,308) (262,167,405,310)
"1308692286.6993":(234,130,364,260) (24,174,154,304) (293,155,428,290)
"1308692286.9682":(287,130,346,189) (39,179,178,318) (304,152,429,277)
"1308692287.2307":(284,132,344,192) (60,181,204,325) (286,146,401,261)
"1308692287.4989":(278,133,339,194) (70,179,215,324) (278,138,388,248)
"1308692287.7627":(272,136,333,197) (66,181,212,327) (301,141,401,241)
"1308692288.0351":(274,136,334,196) (58,179,208,329) (294,140,396,242)
"1308692288.2988":(268,133,314,179) (51,177,203,329) (299,137,395,233)
"1308692288.5662":(251,136,308,193) (62,183,203,324) (302,140,398,236)
"1308692288.8353":(234,138,298,202) (51,176,200,325) (316,140,413,237)
"1308692289.1022":(228,136,293,201) (50,183,196,329) (309,141,406,238)
"1308692289.3627":(233,132,297,196) (54,185,204,335) (323,143,422,242)
"1308692289.6367":(240,134,305,199) (49,185,199,335) (334,145,433,244)
"1308692289.8992":(232,136,298,202) (62,180,211,329) (338,141,438,241)
"1308692290.1690":(222,135,290,203) (52,176,200,324) (340,143,439,242)
"1308692290.4351":(216,134,284,202) (57,185,202,330) (335,142,434,241)
"1308692290.7027":(216,143,285,212) (57,183,203,329) (340,146,436,242)
"1308692290.9627":(214,141,285,212) (47,180,193,326) (334,143,434,243)
"1308692291.2364":(222,143,295,216) (43,179,190,326) (338,142,436,240)
"1308692291.5037":(205,140,279,214) (25,179,174,328) (328,143,425,240)
"1308692291.7627":(185,143,259,217) (42,184,190,332) (334,140,432,238)
"1308692292.0369":(174,150,251,227) (36,181,186,331) (334,140,431,237)
"1308692292.2987":(171,145,250,224) (40,184,188,332) (340,143,434,237)
"1308692292.5680":(183,143,264,224) (34,186,185,337) (330,142,428,240)
"1308692292.8307":(192,142,274,224) (33,178,182,327) (331,139,429,237)
"1308692293.1023":(187,148,268,229) (32,175,182,325) (329,140,428,239)
"1308692293.3693":(164,153,248,237) (43,177,192,326) (327,141,426,240)
"1308692293.6308":(135,153,221,239) (44,187,190,333) (333,146,428,241)
"1308692293.9045":(136,152,223,239) (38,184,185,331) (336,145,429,238)
"1308692294.1681":(136,149,228,241) (24,188,176,340) (335,144,432,241)
"1308692294.4400":(149,155,245,251) (22,185,172,335) (335,140,432,237)
"1308692294.9685":(108,162,206,260) (33,187,177,331) (334,144,432,242)
"1308692295.2316":(53,185,198,330) (337,147,437,247)
"1308692295.5094":(54,151,158,255) (82,181,215,314) (335,144,434,243)
"1308692295.7627":(40,157,147,264) (93,171,217,295)
"1308692296.0365":(31,163,142,274) (75,175,203,303) (336,146,433,243)
"1308692296.2988":(-12,168,98,278) (71,174,198,301) (346,143,442,239)
"1308692296.5626":(-40,172,77,289) (83,177,205,299) (340,141,435,236)
"1308692296.8352":(-54,174,67,295) (87,169,204,286) (337,144,430,237)
"1308692297.0986":(-60,182,68,310) (98,166,209,277) (335,143,436,244)
"1308692297.3652":(-59,173,70,302) (129,164,236,271) (336,143,431,238)
"1308692297.6393":(-67,182,72,321) (148,159,249,260) (331,147,429,245)
"1308692297.9051":(153,158,251,256) (336,146,435,245)
"1308692298.1734":(150,159,240,249) (341,143,439,241)
"1308692298.4350":(-68,193,68,329) (139,155,229,245) (335,145,434,244)
"1308692298.7031":(-37,182,121,340) (142,149,230,237) (334,144,432,242)
"1308692298.9677":(-16,184,144,344) (154,147,240,233) (323,144,420,241)
"1308692299.2346":(12,189,186,363) (175,147,259,231) (330,143,428,241)
"1308692299.5059":(22,198,210,386) (182,151,264,233) (327,137,425,235)
"1308692299.7665":(62,193,260,391) (180,148,263,231) (335,143,433,241)
"1308692300.0306":(113,193,304,384) (166,153,249,236) (337,145,436,244)
"1308692300.2986":(158,191,343,376) (158,146,241,229) (335,143,432,240)
"1308692300.5666":(181,194,378,391) (152,149,233,230) (325,146,423,244)
"1308692300.8306":(214,200,417,403) (157,149,237,229) (315,146,413,244)
"1308692301.0985":(247,197,450,400) (153,149,233,229)
"1308692301.3667":(274,198,468,392) (157,141,238,222) (268,149,365,246)
"1308692301.6306":(294,187,484,377) (173,152,255,234) (248,148,348,248)
"1308692301.8986":(339,186,527,374) (176,149,259,232) (216,148,321,253)
"1308692302.1760":(368,183,539,354) (172,153,256,237) (192,148,301,257)
"1308692302.4308":(376,183,545,352) (158,145,270,257)
"1308692302.6986":(338,182,503,347) (131,154,244,267)
"1308692302.9666":(316,179,477,340) (180,157,266,243) (100,145,214,259)
"1308692303.2307":(302,180,461,339) (195,148,279,232) (70,146,186,262)
"1308692303.4986":(293,175,443,325) (204,150,289,235) (48,147,164,263)
"1308692303.7667":(314,171,456,313) (200,149,285,234) (13,142,131,260)
"1308692304.0307":(321,172,457,308) (199,154,284,239) (1,153,122,274)
"1308692304.2986":(314,172,449,307) (173,150,263,240) (-7,150,110,267)
"1308692304.5666":(281,162,405,286) (159,154,249,244) (-35,146,82,263)
"1308692304.8309":(275,166,393,284) (157,160,246,249) (-45,149,69,263)
"1308692305.0988":(270,165,388,283) (163,156,254,247) (-50,140,69,259)
"1308692305.3666":(283,156,391,264) (179,151,276,248) (-41,146,70,257)
"1308692305.6306":(277,164,381,268) (189,154,287,252) (-17,149,94,260)
"1308692305.8987":(260,161,361,262) (187,157,286,256) (-11,144,102,257)
"1308692306.1666":(265,158,365,258) (181,158,282,259) (-10,142,101,253)
"1308692306.4309":(254,155,351,252) (175,167,279,271) (-17,142,93,252)
"1308692306.6986":(249,154,343,248) (158,170,265,277) (-11,144,102,257)
"1308692306.9666":(254,150,344,240) (147,171,255,279) (-4,143,103,250)
"1308692307.2307":(236,149,322,235) (150,174,265,289) (-1,150,107,258)
"1308692307.4987":(219,144,305,230) (172,167,287,282) (-23,139,87,249)
"1308692307.7666":(216,146,298,228) (203,171,320,288) (-6,147,102,255)
"1308692308.0346":(216,150,298,232) (222,166,344,288) (3,147,110,254)
"1308692308.2987":(221,145,299,223) (220,178,341,299) (-4,145,106,255)
"1308692308.5666":(225,146,297,218) (226,175,350,299) (-5,140,104,249)
"1308692308.8346":(221,145,358,282) (217,177,343,303) (-7,144,102,253)
"1308692309.0987":(254,143,326,215) (207,178,337,308) (-10,147,97,254)
"1308692309.3666":(245,139,314,208) (247,178,378,309) (-18,145,91,254)
"1308692309.6346":(235,137,302,204) (279,176,411,308) (-14,147,99,260)
"1308692310.1666":(225,141,291,207) (289,177,425,313) (-13,141,96,250)
"1308692310.4346":(276,174,412,310) (-4,147,106,257)
"1308692310.6988":(209,138,271,200) (264,174,397,307) (-9,148,99,256)
"1308692310.9666":(206,139,269,202) (258,172,389,303) (-1,140,98,239)
"1308692320.5667":(309,181,456,328) (156,144,229,217) (39,150,144,255)
"1308692320.8348":(316,196,474,354) (151,140,225,214) (60,154,178,272)
"1308692321.1026":(346,191,515,360) (149,142,223,216) (84,142,198,256)
"1308692321.3668":(355,197,540,382) (159,140,232,213) (105,139,216,250)
"1308692321.6397":(347,203,548,404) (134,148,241,255)
"1308692321.9027":(343,220,559,436) (161,146,272,257)
"1308692322.1723":(356,239,595,478) (145,138,220,213) (195,149,299,253)
"1308692322.4403":(384,251,651,518) (143,144,217,218) (207,144,314,251)
"1308692322.7026":(379,256,675,552) (140,138,214,212) (241,149,341,249)
"1308692322.9666":(414,243,681,510) (149,142,220,213) (267,144,365,242)
"1308692323.2347":(407,226,662,481) (148,140,223,215) (284,147,379,242)
"1308692323.5028":(426,229,675,478) (144,141,219,216) (283,144,378,239)
"1308692323.7666":(438,227,660,449) (150,143,225,218) (260,145,354,239)
"1308692324.0357":(437,210,659,432) (151,139,226,214) (265,144,356,235)
"1308692324.3072":(401,203,623,425) (152,143,227,218) (266,143,358,235)
"1308692324.5667":(380,203,594,417) (151,136,223,208) (272,145,363,236)
"1308692324.8346":(370,195,577,402) (150,139,221,210) (259,143,351,235)
"1308692325.1026":(368,198,565,395) (149,141,222,214) (256,140,351,235)
"1308692325.3708":(401,188,585,372) (150,141,224,215) (264,140,354,230)
"1308692325.6445":(384,187,562,365) (147,141,221,215) (263,143,359,239)
"1308692325.9027":(384,181,554,351) (151,137,226,212) (263,138,354,229)
"1308692326.1706":(352,184,525,357) (149,135,224,210) (261,138,353,230)
"1308692326.4452":(323,183,499,359) (153,135,227,209) (267,141,363,237)
"1308692326.7051":(320,182,494,356) (154,139,227,212) (268,148,364,244)
"1308692326.9750":(308,184,482,358) (152,138,224,210) (262,144,357,239)
"1308692327.2392":(325,191,476,342) (154,136,228,210) (254,143,344,233)
"1308692327.5027":(301,179,469,347) (154,145,226,217) (263,143,358,238)
"1308692327.7708":(314,175,463,324) (153,138,225,210) (264,142,357,235)
"1308692328.0400":(312,179,474,341) (158,142,231,215) (265,140,359,234)
"1308692328.3033":(335,177,483,325) (153,144,225,216) (262,142,352,232)
"1308692328.5720":(312,178,470,336) (149,147,223,221) (262,145,350,233)
"1308692329.3709":(316,176,477,337) (152,141,227,216) (268,143,357,232)
"1308692329.6347":(308,175,468,335) (151,144,226,219) (271,142,362,233)
"1308692329.9026":(316,177,472,333) (149,140,223,214) (268,142,358,232)
"1308692330.1706":(300,176,449,325) (134,141,210,217) (260,141,351,232)
"1308692330.4494":(282,179,426,323) (120,148,197,225) (270,141,361,232)
"1308692330.7140":(239,179,391,331) (118,145,196,223) (270,147,363,240)
"1308692330.9756":(198,174,351,327) (130,148,207,225) (267,140,360,233)
"1308692331.2403":(180,176,328,324) (144,147,203,206)
