"1308598584.7230":(367,193,437,263) (120,152,235,267) (237,156,348,267) (379,171,425,217) (385,209,466,290)
"1308598584.9871":(364,192,434,262) (119,151,233,265) (235,161,343,269) (378,170,423,215) (390,210,471,291)
"1308598585.2575":(363,195,433,265) (113,155,226,268) (236,156,344,264) (377,169,422,214) (387,213,468,294)
"1308598585.5255":(368,193,438,263) (109,151,221,263) (241,158,350,267) (376,169,420,213) (386,209,467,290)
"1308598585.7871":(369,193,439,263) (109,152,219,262) (236,155,345,264) (378,168,423,213) (387,208,468,289)
"1308598586.0576":(367,192,437,262) (105,149,215,259) (237,158,346,267) (380,167,424,211) (384,207,464,287)
"1308598586.3256":(367,191,437,261) (107,148,219,260) (233,155,342,264) (379,167,424,212) (384,212,464,292)
"1308598586.5871":(364,193,434,263) (113,148,225,260) (229,156,338,265) (378,166,422,210) (385,209,466,290)
"1308598586.8551":(363,193,432,262) (122,146,234,258) (222,157,331,266) (376,168,420,212) (383,207,464,288)
"1308598587.1231":(364,192,434,262) (127,145,242,260) (234,157,342,265) (375,167,419,211) (382,207,462,287)
"1308598587.3871":(363,189,433,259) (131,146,245,260) (249,159,356,266) (371,166,415,210) (386,207,467,288)
"1308598587.6551":(364,192,434,262) (130,147,244,261) (251,155,357,261) (373,166,417,210) (390,209,470,289)
"1308598587.9230":(365,190,435,260) (130,145,245,260) (247,156,355,264) (371,167,415,211) (383,208,465,290)
"1308598588.1871":(363,193,433,263) (131,143,246,258) (248,159,354,265) (369,166,414,211) (388,209,470,291)
"1308598588.4551":(358,191,428,261) (128,145,242,259) (251,159,356,264) (365,168,410,213) (389,206,470,287)
"1308598588.7230":(366,193,436,263) (126,143,238,255) (251,157,355,261) (371,165,415,209) (386,208,469,291)
"1308598588.9870":(366,192,436,262) (136,143,249,256) (270,157,373,260) (364,167,409,212) (386,208,468,290)
"1308598589.2551":(363,191,439,267) (139,141,248,250) (305,161,405,261) (365,166,410,211) (383,206,464,287)
"1308598589.5231":(382,194,449,261) (144,145,254,255) (342,164,443,265) (389,209,472,292)
"1308598589.7871":(156,144,267,255) (347,163,449,265) (380,212,464,296)
"1308598590.0554":(161,148,276,263) (349,158,454,263) (381,210,465,294)
"1308598590.3231":(175,151,289,265) (349,158,457,266) (388,207,472,291)
"1308598590.5871":(191,151,308,268) (360,159,470,269) (363,168,408,213) (390,211,474,295)
"1308598590.8551":(360,191,430,261) (224,151,341,268) (383,162,494,273) (360,167,405,212)
"1308598591.1231":(364,195,434,265) (256,147,375,266) (419,165,528,274) (364,166,409,211)
"1308598591.3872":(355,194,427,266) (267,150,387,270) (423,160,531,268) (356,168,401,213)
"1308598591.6552":(359,191,429,261) (283,151,405,273) (419,159,526,266) (362,164,407,209)
"1308598591.9231":(361,193,431,263) (292,151,416,275) (401,159,508,266) (366,167,411,212)
"1308598592.1911":(287,151,413,277) (357,156,461,260) (349,165,423,239)
"1308598592.4551":(287,156,415,284) (321,153,419,251) (366,165,411,210) (389,211,473,295)
"1308598592.7231":(354,185,424,255) (269,150,396,277) (300,159,402,261) (383,207,466,290)
"1308598592.9911":(350,186,420,256) (249,151,374,276) (370,167,412,209) (380,211,462,293)
"1308598593.2551":(349,186,421,258) (226,148,353,275) (380,193,442,255) (367,167,412,212) (380,203,463,286)
"1308598593.5230":(343,189,419,265) (207,154,335,282) (199,158,300,259) (383,190,445,252) (363,164,408,209) (377,210,461,294)
"1308598593.7911":(354,191,425,262) (197,150,323,276) (366,168,411,213) (378,208,460,290)
"1308598594.0551":(351,189,427,265) (188,153,314,279) (145,155,245,255) (364,166,409,211) (382,207,466,291)
"1308598594.3231":(361,191,437,267) (149,150,273,274) (364,168,409,213) (381,211,464,294)
"1308598594.5911":(363,191,434,262) (128,153,250,275) (365,167,410,212) (378,210,462,294)
"1308598594.8551":(372,192,443,263) (106,151,229,274) (359,167,404,212) (386,207,469,290)
"1308598595.1232":(367,189,438,260) (86,147,208,269) (365,164,410,209) (380,209,464,293)
"1308598595.3910":(372,192,443,263) (83,140,205,262) (370,165,415,210) (377,215,458,296)
"1308598595.6552":(86,149,210,273) (379,164,425,210) (379,204,462,287)
"1308598595.9231":(363,196,440,273) (104,149,224,269) (381,163,427,209) (386,210,471,295)
"1308598596.1911":(374,189,446,261) (136,151,254,269) (92,153,194,255) (380,165,425,210) (376,213,457,294)
"1308598596.4552":(365,191,441,267) (146,147,261,262) (78,152,180,254) (367,163,414,210) (380,209,465,294)
"1308598596.7232":(360,190,431,261) (164,151,276,263) (75,150,177,252) (371,161,419,209) (384,209,467,292)
"1308598596.9911":(370,190,447,267) (163,150,275,262) (76,150,178,252) (368,163,415,210) (378,215,460,297)
"1308598597.2553":(361,187,432,258) (163,151,275,263) (73,151,176,254) (371,164,417,210) (384,209,467,292)
"1308598597.5232":(355,190,432,267) (154,151,266,263) (71,150,173,252) (368,163,415,210) (388,207,471,290)
"1308598597.7911":(363,191,435,263) (154,148,266,260) (72,153,174,255) (368,166,414,212) (386,209,471,294)
"1308598598.0554":(360,193,437,270) (149,146,261,258) (74,149,176,251) (367,168,412,213) (377,208,459,290)
"1308598598.3232":(365,193,436,264) (151,149,262,260) (77,148,177,248) (367,166,413,212) (384,209,467,292)
"1308598598.5916":(357,189,434,266) (132,150,242,260) (71,150,170,249) (363,166,409,212) (381,205,466,290)
"1308598598.8587":(367,196,438,267) (134,148,244,258) (73,152,174,253) (366,164,412,210) (379,209,463,293)
"1308598599.1231":(363,194,434,265) (133,147,243,257) (74,149,176,251) (373,167,419,213) (385,210,470,295)
"1308598599.3911":(374,194,445,265) (137,150,247,260) (72,150,174,252) (372,165,417,210) (385,209,470,294)
"1308598599.6592":(374,191,445,262) (137,149,247,259) (70,152,173,255) (370,169,416,215) (384,205,469,290)
"1308598599.9232":(358,193,433,268) (138,147,249,258) (73,152,176,255) (372,169,417,214) (379,209,463,293)
"1308598600.1911":(359,195,430,266) (136,151,246,261) (73,154,176,257) (366,169,412,215) (376,211,458,293)
"1308598600.4592":(361,194,432,265) (135,147,245,257) (64,159,167,262) (367,170,413,216) (384,211,468,295)
"1308598600.7234":(363,191,434,262) (135,147,245,257) (71,155,174,258) (366,171,412,217) (380,202,464,286)
"1308598600.9912":(353,192,431,270) (139,147,249,257) (69,159,172,262) (366,173,413,220) (387,206,471,290)
"1308598601.2629":(355,192,427,264) (144,149,254,259) (75,158,176,259) (369,166,414,211) (377,208,460,291)
"1308598601.5232":(357,192,434,269) (143,143,252,252) (69,161,172,264) (366,170,412,216) (382,210,467,295)
"1308598601.7972":(357,193,433,269) (135,150,245,260) (64,159,166,261) (368,167,414,213) (380,212,463,295)
"1308598602.0590":(358,189,436,267) (132,148,243,259) (70,158,173,261) (369,169,416,216) (387,208,472,293)
"1308598602.3267":(358,189,429,260) (137,151,246,260) (73,160,174,261) (369,165,417,213) (383,213,465,295)
"1308598602.5951":(358,195,435,272) (141,146,251,256) (65,156,168,259) (371,167,416,212) (381,210,466,295)
"1308598602.8599":(351,196,422,267) (139,147,249,257) (65,161,169,265) (370,170,416,216) (383,207,468,292)
"1308598603.1232":(365,198,436,269) (139,151,247,259) (67,159,169,261) (370,165,416,211) (388,213,473,298)
"1308598603.3953":(362,193,439,270) (138,151,249,262) (66,160,170,264) (367,170,412,215) (383,212,463,292)
"1308598603.6634":(358,191,434,267) (144,150,254,260) (66,162,169,265) (372,168,418,214) (389,213,474,298)
"1308598603.9232":(357,192,433,268) (142,148,252,258) (68,158,171,261) (373,167,418,212) (386,209,471,294)
"1308598604.1963":(360,196,432,268) (132,146,242,256) (59,160,162,263) (373,165,418,210) (385,209,470,294)
"1308598604.4611":(363,191,440,268) (144,150,253,259) (65,161,167,263) (370,167,417,214) (390,209,474,293)
"1308598604.7277":(363,192,434,263) (139,148,249,258) (64,156,167,259) (373,166,419,212) (390,211,474,295)
"1308598604.9912":(357,190,428,261) (137,145,247,255) (67,155,170,258) (371,168,417,214) (384,208,468,292)
"1308598605.2593":(364,193,435,264) (140,150,250,260) (65,162,168,265) (374,168,420,214) (388,210,473,295)
"1308598605.5233":(365,189,441,265) (137,146,247,256) (67,156,170,259) (372,168,418,214) (395,207,477,289)
"1308598605.7952":(365,187,442,264) (144,147,254,257) (66,156,169,259) (374,164,419,209) (392,209,477,294)
"1308598606.0628":(365,190,437,262) (152,146,262,256) (66,158,168,260) (373,165,419,211) (389,208,474,293)
"1308598606.3232":(360,193,430,263) (140,146,248,254) (69,161,172,264) (374,170,417,213) (382,209,465,292)
"1308598606.5911":(365,191,437,263) (145,145,255,255) (66,158,168,260) (378,167,425,214) (385,202,470,287)
"1308598606.8593":(355,192,431,268) (142,147,252,257) (67,156,170,259) (377,170,423,216) (385,205,470,290)
"1308598607.1234":(366,192,437,263) (145,144,255,254) (64,153,167,256) (377,171,422,216) (385,204,469,288)
"1308598607.3964":(361,189,432,260) (141,144,248,251) (64,157,166,259) (379,168,424,213) (381,207,465,291)
"1308598607.6645":(354,192,430,268) (143,143,252,252) (66,157,168,259) (374,169,420,215) (384,211,469,296)
"1308598607.9290":(363,194,434,265) (150,148,259,257) (66,156,169,259) (381,166,427,212) (386,212,471,297)
"1308598608.1913":(363,190,434,261) (142,145,249,252) (65,157,167,259) (377,171,423,217) (384,207,468,291)
"1308598608.4632":(366,195,437,266) (141,144,250,253) (64,157,167,260) (382,167,429,214) (383,205,468,290)
"1308598608.7312":(359,193,430,264) (139,145,248,254) (73,152,174,253) (376,166,423,213) (389,210,474,295)
"1308598608.9913":(360,195,431,266) (140,148,249,257) (74,152,176,254) (377,169,423,215) (383,208,469,294)
"1308598609.2590":(353,193,429,269) (139,146,249,256) (73,149,176,252) (373,167,419,213) (379,209,464,294)
"1308598609.5233":(355,197,432,274) (138,146,247,255) (73,152,177,256) (376,168,422,214) (383,212,468,297)
"1308598609.7958":(362,196,433,267) (139,146,249,256) (71,149,176,254) (375,167,421,213) (384,209,467,292)
"1308598610.0601":(365,196,436,267) (146,146,255,255) (69,146,172,249) (376,167,421,212) (385,208,469,292)
"1308598610.3353":(366,193,437,264) (141,146,249,254) (74,153,176,255) (379,169,425,215) (380,207,464,291)
"1308598610.5911":(367,190,437,260) (140,146,247,253) (66,153,169,256) (378,170,424,216) (385,210,470,295)
"1308598610.8645":(364,193,435,264) (138,147,247,256) (70,154,172,256) (380,167,427,214) (381,209,466,294)
"1308598611.1316":(359,191,436,268) (142,142,250,250) (81,156,183,258) (379,170,425,216) (389,211,474,296)
"1308598611.3915":(359,195,431,267) (138,146,248,256) (93,163,196,266) (375,168,421,214) (383,209,468,294)
"1308598611.6592":(362,196,433,267) (140,145,250,255) (86,166,188,268) (375,171,421,217) (391,213,475,297)
"1308598611.9360":(368,195,439,266) (134,145,244,255) (93,165,195,267) (377,169,423,215) (385,209,468,292)
"1308598612.2005":(357,196,428,267) (143,143,253,253) (89,166,192,269) (382,168,429,215) (382,211,464,293)
"1308598612.4656":(361,197,436,272) (144,145,252,253) (95,165,197,267) (373,164,419,210) (378,210,460,292)
"1308598612.7343":(366,194,437,265) (140,146,248,254) (101,161,203,263) (377,168,422,213) (385,209,468,292)
"1308598612.9911":(367,196,442,271) (141,144,249,252) (89,165,192,268) (378,168,424,214) (386,212,469,295)
"1308598613.2661":(363,197,438,272) (140,143,250,253) (88,163,190,265) (375,168,421,214) (388,211,469,292)
"1308598613.5347":(360,193,437,270) (143,148,253,258) (78,162,182,266) (380,167,427,214) (388,206,469,287)
"1308598613.7911":(359,189,436,266) (139,144,249,254) (73,159,177,263) (379,170,424,215) (380,208,464,292)
"1308598614.0651":(361,199,437,275) (135,139,245,249) (74,159,178,263) (374,168,420,214) (374,211,457,294)
"1308598614.3341":(361,207,433,279) (139,146,249,256) (75,157,178,260) (375,170,421,216) (390,210,472,292)
"1308598614.5921":(369,194,443,268) (140,142,250,252) (69,159,172,262) (376,168,424,216) (386,208,468,290)
"1308598614.8616":(358,196,435,273) (140,143,247,250) (56,159,159,262) (375,168,421,214) (386,214,470,298)
"1308598615.1330":(357,189,429,261) (141,141,251,251) (59,160,162,263) (376,169,423,216) (379,206,463,290)
"1308598615.3975":(360,193,436,269) (143,146,253,256) (47,157,150,260) (375,167,421,213) (381,210,464,293)
"1308598615.6689":(358,190,436,268) (134,144,243,253) (49,152,154,257) (375,167,421,213) (382,207,466,291)
"1308598615.9283":(361,192,432,263) (131,143,241,253) (57,155,163,261) (379,167,426,214) (393,208,476,291)
"1308598616.1910":(364,193,440,269) (132,141,242,251) (63,155,169,261) (377,170,423,216) (386,207,468,289)
"1308598616.4590":(358,193,429,264) (137,145,247,255) (60,157,163,260) (375,169,422,216) (383,208,465,290)
"1308598616.7311":(363,194,434,265) (126,148,236,258) (54,153,160,259) (376,167,421,212) (389,212,474,297)
"1308598616.9937":(364,194,440,270) (127,147,237,257) (60,152,165,257) (377,167,423,213) (386,209,469,292)
"1308598617.2616":(359,193,436,270) (135,146,246,257) (52,151,156,255) (377,168,423,214) (382,207,464,289)
"1308598617.5315":(365,195,442,272) (143,148,256,261) (57,151,161,255) (377,170,423,216) (379,206,463,290)
"1308598617.7937":(366,195,436,265) (148,149,262,263) (55,151,159,255) (380,169,425,214) (387,210,469,292)
"1308598618.0616":(365,193,441,269) (151,145,265,259) (55,151,160,256) (377,169,422,214) (384,208,466,290)
"1308598618.3299":(361,196,437,272) (142,144,256,258) (52,148,154,250) (374,167,420,213) (381,210,466,295)
"1308598618.5936":(364,193,435,264) (128,143,243,258) (51,152,157,258) (377,169,423,215) (388,209,472,293)
"1308598618.8616":(370,193,447,270) (119,146,234,261) (46,151,153,258) (373,168,419,214) (378,208,462,292)
"1308598619.1339":(364,197,434,267) (115,141,230,256) (48,147,155,254) (373,166,418,211) (380,212,462,294)
"1308598619.4041":(370,200,446,276) (112,144,228,260) (50,151,150,251) (375,165,421,211) (388,209,471,292)
"1308598619.6619":(372,186,443,257) (114,146,230,262) (51,154,157,260) (374,165,420,211) (383,207,467,291)
"1308598619.9337":(369,193,440,264) (112,143,225,256) (52,148,159,255) (373,162,419,208) (383,207,465,289)
"1308598620.1977":(364,194,435,265) (118,142,232,256) (55,150,157,252) (375,164,421,210) (386,210,469,293)
"1308598620.4616":(364,192,436,264) (114,148,229,263) (56,148,160,252) (371,166,419,214) (389,205,474,290)
"1308598620.7298":(365,194,436,265) (114,146,228,260) (65,150,166,251) (374,165,420,211) (385,204,470,289)
"1308598620.9975":(364,194,438,268) (120,144,235,259) (90,159,193,262) (372,167,419,214) (383,210,467,294)
"1308598621.2591":(364,195,434,265) (118,143,232,257) (378,167,423,212) (389,210,471,292)
"1308598621.5271":(370,192,441,263) (126,145,240,259) (381,169,427,215) (386,209,471,294)
"1308598621.7977":(362,192,432,262) (133,144,244,255) (374,167,420,213) (389,211,472,294)
"1308598622.0592":(358,193,429,264) (142,144,255,257) (375,165,420,210) (387,209,470,292)
"1308598622.3271":(355,195,431,271) (149,147,263,261) (202,153,299,250) (371,169,419,217) (387,210,469,292)
"1308598622.5977":(360,196,437,273) (149,145,262,258) (226,156,325,255) (376,168,421,213) (383,209,468,294)
"1308598622.8591":(366,195,438,267) (156,147,267,258) (242,158,340,256) (372,168,419,215) (383,208,467,292)
"1308598623.1272":(363,193,437,267) (162,145,267,250) (257,159,358,260) (369,168,417,216) (386,215,469,298)
"1308598623.3951":(363,190,439,266) (167,141,267,241) (273,157,378,262) (375,167,422,214) (382,207,465,290)
"1308598623.6591":(364,195,441,272) (173,139,270,236) (297,158,396,257) (375,163,421,209) (390,204,474,288)
"1308598623.9271":(363,192,440,269) (198,139,289,230) (314,156,412,254) (381,167,428,214) (385,204,468,287)
"1308598624.1951":(369,190,445,266) (216,141,302,227) (315,157,413,255) (373,164,420,211) (388,210,472,294)
"1308598624.4591":(221,138,306,223) (331,158,431,258) (392,203,478,289)
"1308598624.7271":(212,138,291,217) (333,167,439,273) (388,208,470,290)
"1308598624.9951":(217,135,293,211) (356,167,465,276)
"1308598625.2591":(222,133,298,209) (357,161,475,279)
"1308598625.5271":(235,133,306,204) (359,162,478,281)
"1308598625.7951":(251,134,319,202) (380,169,498,287) (376,166,423,213)
"1308598626.0591":(370,194,440,264) (254,136,320,202) (420,160,532,272) (379,166,425,212)
"1308598626.3271":(369,191,445,267) (262,130,324,192) (440,164,552,276) (380,167,427,214)
"1308598626.5951":(361,195,438,272) (274,133,335,194) (445,165,554,274) (376,166,421,211)
"1308598626.8591":(368,191,440,263) (293,127,352,186) (438,161,551,274) (381,166,428,213)
"1308598627.1271":(369,193,446,270) (297,133,356,192) (427,163,540,276) (380,167,426,213)
"1308598627.3951":(370,196,441,267) (318,129,373,184) (425,168,534,277) (363,164,438,239)
"1308598627.6631":(365,196,439,270) (317,126,373,182) (413,166,524,277) (380,170,428,218)
"1308598627.9271":(363,193,434,264) (328,123,383,178) (420,165,536,281) (378,166,423,211)
"1308598628.1952":(360,194,431,265) (331,127,386,182) (417,165,529,277) (373,168,418,213)
"1308598628.4631":(361,193,431,263) (338,126,394,182) (428,168,541,281) (376,169,421,214)
"1308598628.7271":(364,193,433,262) (341,124,397,180) (476,178,596,298)
"1308598628.9951":(354,189,431,266) (346,126,401,181) (524,199,652,327) (379,207,463,291)
"1308598629.2631":(361,197,431,267) (347,121,399,173) (513,210,642,339) (375,207,458,290)
"1308598629.5271":(358,194,435,271) (336,129,391,184) (455,241,584,370) (378,201,463,286)
"1308598629.7951":(355,192,432,269) (339,124,393,178) (437,252,569,384) (345,186,406,247) (383,211,467,295)
"1308598630.0631":(355,198,432,275) (327,125,382,180) (388,257,524,393) (334,190,393,249) (393,207,477,291)
"1308598630.3271":(352,196,423,267) (327,126,382,181) (374,261,512,399) (335,185,396,246) (386,208,469,291)
"1308598630.5951":(350,195,421,266) (322,126,377,181) (382,261,520,399) (387,207,471,291)
"1308598630.8631":(358,187,429,258) (317,127,372,182) (414,261,545,392) (379,201,461,283)
"1308598631.1271":(356,191,427,262) (443,264,568,389) (390,206,472,288)
"1308598631.3951":(348,195,424,271) (309,123,363,177) (431,259,562,390) (346,152,405,211) (392,203,476,287)
"1308598631.6631":(359,192,429,262) (302,122,356,176) (418,253,546,381) (349,150,407,208) (375,206,457,288)
"1308598631.9271":(350,193,421,264) (298,132,353,187) (435,255,568,388) (353,148,410,205) (385,205,467,287)
"1308598632.1951":(351,192,425,266) (299,124,354,179) (465,251,595,381) (357,145,413,201) (385,205,467,287)
"1308598632.4631":(352,190,427,265) (300,128,355,183) (494,266,622,394) (348,145,404,201) (384,211,467,294)
"1308598632.7271":(353,189,430,266) (289,129,344,184) (490,261,617,388) (345,146,400,201) (390,209,472,291)
"1308598632.9954":(345,196,422,273) (288,130,343,185) (486,261,612,387) (330,146,385,201) (386,208,469,291)
"1308598633.2632":(356,196,427,267) (287,132,343,188) (503,265,632,394) (326,150,380,204) (376,166,424,214) (390,208,472,290)
"1308598633.5272":(363,193,433,263) (290,128,346,184) (473,255,605,387) (334,149,386,201) (380,167,427,214) (388,212,469,293)
"1308598633.7954":(356,192,427,263) (286,126,341,181) (481,256,613,388) (331,145,386,200) (371,168,417,214) (384,212,466,294)
"1308598634.0632":(358,194,429,265) (295,130,350,185) (486,258,616,388) (331,147,386,202) (377,167,424,214) (396,209,477,290)
"1308598634.3273":(351,199,418,266) (288,124,345,181) (472,255,600,383) (337,143,392,198) (377,166,425,214) (385,206,466,287)
"1308598634.5952":(354,191,430,267) (301,130,356,185) (468,251,600,383) (339,145,394,200) (383,209,466,292)
"1308598634.8631":(358,191,429,262) (290,123,345,178) (477,255,609,387) (336,147,390,201) (388,211,470,293)
"1308598635.1290":(359,193,430,264) (290,125,345,180) (485,264,613,392) (342,148,397,203) (379,207,462,290)
"1308598635.3951":(356,191,426,261) (290,126,345,181) (480,255,608,383) (341,146,396,201) (381,206,465,290)
"1308598635.6633":(356,190,431,265) (290,129,345,184) (487,257,619,389) (331,145,386,200) (382,170,427,215) (386,209,466,289)
"1308598635.9272":(354,191,424,261) (296,132,351,187) (497,258,624,385) (342,147,397,202) (383,207,466,290)
"1308598636.1976":(361,191,432,262) (291,122,346,177) (490,258,618,386) (330,145,385,200) (384,206,467,289)
"1308598636.4631":(355,191,429,265) (290,123,346,179) (480,253,607,380) (339,148,394,203) (389,209,470,290)
"1308598636.7312":(355,187,426,258) (298,126,353,181) (477,255,608,386) (337,148,391,202) (382,209,464,291)
"1308598636.9985":(358,188,432,262) (295,128,350,183) (481,256,609,384) (335,147,390,202) (381,208,464,291)
"1308598637.2632":(357,194,427,264) (296,127,351,182) (483,257,611,385) (341,144,396,199) (386,209,469,292)
"1308598637.5311":(356,191,428,263) (300,124,355,179) (478,253,606,381) (343,145,398,200) (385,199,469,283)
"1308598637.7951":(354,194,430,270) (286,125,341,180) (483,257,612,386) (336,148,391,203) (388,206,469,287)
"1308598638.0668":(366,194,427,255) (298,127,353,182) (470,257,601,388) (340,147,395,202) (387,211,470,294)
"1308598638.3311":(348,196,419,267) (298,126,353,181) (472,252,604,384) (345,144,400,199) (391,211,472,292)
"1308598638.5970":(357,192,434,269) (296,127,351,182) (449,244,576,371) (344,147,399,202) (373,171,419,217) (386,209,469,292)
"1308598638.8657":(356,197,431,272) (295,126,350,181) (444,248,573,377) (348,147,403,202) (380,206,463,289)
"1308598639.1311":(348,199,425,276) (297,124,352,179) (426,247,557,378) (345,144,400,199) (386,206,468,288)
"1308598639.3957":(354,193,431,270) (299,128,354,183) (410,248,541,379) (340,144,395,199) (385,207,469,291)
"1308598639.6632":(357,195,427,265) (301,125,356,180) (420,252,550,382) (344,144,399,199) (390,203,473,286)
"1308598639.9334":(357,193,428,264) (296,125,351,180) (435,252,564,381) (347,145,402,200) (391,207,472,288)
"1308598640.1965":(357,193,428,264) (299,125,354,180) (450,259,577,386) (347,145,401,199) (381,209,462,290)
"1308598640.4632":(354,195,425,266) (297,125,352,180) (477,261,604,388) (356,147,411,202) (383,203,466,286)
"1308598640.7345":(345,194,422,271) (295,123,350,178) (476,255,604,383) (346,143,401,198) (384,207,465,288)
"1308598640.9952":(352,193,423,264) (297,124,352,179) (477,252,606,381) (345,145,400,200) (379,206,461,288)
"1308598641.2674":(352,196,423,267) (292,124,348,180) (486,254,618,386) (339,146,394,201) (386,204,470,288)
"1308598641.5311":(358,193,432,267) (297,126,352,181) (486,255,611,380) (343,147,398,202) (386,208,468,290)
"1308598641.8016":(361,193,432,264) (300,127,355,182) (490,251,617,378) (343,148,398,203) (382,206,464,288)
"1308598642.0712":(358,193,431,266) (289,126,344,181) (475,258,603,386) (343,148,398,203) (390,205,470,285)
"1308598642.3348":(361,194,436,269) (291,129,346,184) (490,254,618,382) (343,147,398,202) (392,208,475,291)
"1308598642.5958":(355,193,426,264) (287,129,345,187) (489,254,610,375) (339,149,394,204) (386,206,467,287)
"1308598642.8675":(353,196,429,272) (284,129,339,184) (485,259,613,387) (342,148,397,203) (378,206,461,289)
"1308598643.1311":(352,195,423,266) (293,126,348,181) (485,253,616,384) (337,149,392,204) (386,209,469,292)
"1308598643.3988":(359,192,435,268) (288,129,343,184) (478,254,609,385) (342,150,397,205) (388,210,471,293)
"1308598643.6673":(353,190,428,265) (287,129,343,185) (470,257,600,387) (339,148,394,203) (380,209,463,292)
"1308598643.9312":(357,189,428,260) (290,124,347,181) (481,256,609,384) (337,147,392,202) (377,168,424,215) (387,209,470,292)
"1308598644.1952":(358,192,429,263) (299,127,354,182) (481,254,609,382) (342,150,397,205) (377,171,423,217) (392,210,473,291)
"1308598644.4667":(359,195,432,268) (299,128,354,183) (485,255,615,385) (336,148,391,203) (381,207,463,289)
"1308598644.7367":(363,193,438,268) (298,128,353,183) (484,253,612,381) (341,147,396,202) (376,167,422,213) (383,215,467,299)
"1308598645.0000":(358,201,429,272) (299,126,354,181) (479,255,608,384) (336,147,391,202) (377,167,423,213) (384,206,465,287)
"1308598645.2633":(359,192,435,268) (298,128,353,183) (484,258,612,386) (338,143,393,198) (375,172,420,217) (385,207,468,290)
"1308598645.5312":(360,194,434,268) (302,126,357,181) (478,254,605,381) (333,147,388,202) (374,169,421,216) (391,210,472,291)
"1308598645.8070":(353,193,424,264) (294,127,349,182) (483,259,614,390) (340,148,395,203) (377,168,422,213) (395,210,479,294)
"1308598646.0633":(360,200,430,270) (295,126,350,181) (490,256,618,384) (339,149,394,204) (374,168,421,215) (389,208,471,290)
"1308598646.3394":(390,208,471,289) (297,128,352,183) (479,256,610,387) (340,147,395,202) (379,169,426,216) (352,197,428,273)
"1308598646.6034":(356,195,432,271) (297,126,352,181) (487,257,616,386) (343,149,398,204) (381,170,427,216) (387,214,470,297)
"1308598646.8701":(353,196,430,273) (300,127,355,182) (480,255,608,383) (339,147,394,202) (381,173,427,219) (388,210,470,292)
"1308598647.1348":(348,196,429,277) (293,123,348,178) (472,256,602,386) (337,149,392,204) (381,206,462,287)
"1308598647.4026":(352,195,423,266) (289,126,344,181) (473,257,601,385) (336,148,391,203) (371,170,417,216) (385,203,469,287)
"1308598647.6704":(349,194,419,264) (299,124,354,179) (491,260,619,388) (341,148,396,203) (378,166,424,212) (387,210,469,292)
"1308598647.9373":(356,189,426,259) (301,125,356,180) (479,257,607,385) (343,149,398,204) (379,165,424,210) (384,205,466,287)
"1308598648.2026":(356,200,426,270) (298,126,353,181) (474,249,605,380) (339,147,394,202) (378,170,423,215) (391,208,473,290)
"1308598648.4631":(354,187,430,263) (297,128,354,185) (483,255,611,383) (342,151,397,206) (379,170,425,216) (390,208,471,289)
"1308598648.7347":(348,194,419,265) (293,128,351,186) (497,254,624,381) (339,146,394,201) (377,168,423,214) (390,209,471,290)
"1308598648.9992":(362,193,424,255) (293,127,351,185) (487,250,614,377) (340,145,395,200) (377,165,423,211) (387,206,470,289)
"1308598649.2688":(346,192,422,268) (292,131,350,189) (476,254,604,382) (341,150,396,205) (377,168,422,213) (391,214,474,297)
"1308598649.5369":(354,191,426,263) (294,127,352,185) (481,253,606,378) (344,145,399,200) (378,169,425,216) (383,208,466,291)
"1308598649.8034":(355,198,426,269) (291,127,350,186) (483,249,609,375) (338,144,393,199) (380,169,425,214) (388,202,471,285)
"1308598650.0631":(355,192,432,269) (287,123,345,181) (482,255,605,378) (342,144,397,199) (376,167,423,214) (374,208,455,289)
"1308598650.3411":(350,190,425,265) (293,126,351,184) (478,256,605,383) (344,149,399,204) (377,169,422,214) (385,203,468,286)
"1308598650.6020":(347,196,423,272) (291,127,350,186) (472,251,599,378) (351,144,406,199) (379,164,423,208) (383,203,466,286)
"1308598650.8630":(355,188,430,263) (285,125,344,184) (474,254,601,381) (353,144,408,199) (381,204,465,288)
"1308598651.1381":(358,193,431,266) (286,128,344,186) (475,253,603,381) (352,144,407,199) (382,207,465,290)
"1308598651.3989":(352,189,423,260) (289,127,346,184) (474,253,601,380) (352,146,407,201) (383,204,463,284)
"1308598651.6631":(349,189,426,266) (292,127,350,185) (469,254,593,378) (350,147,405,202) (376,208,457,289)
"1308598651.9310":(346,187,421,262) (292,126,350,184) (481,251,606,376) (342,146,397,201) (384,201,466,283)
"1308598652.1990":(345,179,419,253) (292,126,350,184) (470,252,596,378) (339,146,394,201) (387,208,469,290)
"1308598652.4656":(339,181,411,253) (289,123,344,178) (468,253,593,378) (342,143,397,198) (378,205,460,287)
"1308598652.7335":(343,181,414,252) (289,126,345,182) (470,250,594,374) (341,149,396,204) (376,171,421,216) (385,207,469,291)
"1308598653.0030":(343,178,416,251) (295,124,352,181) (470,250,595,375) (338,145,394,201) (380,170,425,215) (390,210,475,295)
"1308598653.2631":(352,188,422,258) (296,129,353,186) (469,251,593,375) (341,145,396,200) (381,170,427,216) (384,204,468,288)
"1308598653.5335":(369,188,443,262) (293,122,349,178) (470,256,598,384) (334,145,389,200) (392,206,473,287)
"1308598653.8086":(365,185,443,263) (291,126,349,184) (481,255,605,379) (333,147,389,203) (383,208,465,290)
"1308598654.0657":(365,188,439,262) (292,124,349,181) (475,256,603,384) (337,145,392,200) (377,206,460,289)
"1308598654.3336":(369,190,447,268) (288,123,345,180) (471,254,599,382) (336,148,391,203) (373,169,419,215) (379,208,460,289)
"1308598654.6015":(369,192,447,270) (293,121,350,178) (463,251,587,375) (336,147,391,202) (372,166,419,213) (384,206,466,288)
"1308598654.8670":(377,192,448,263) (289,125,347,183) (483,250,607,374) (343,147,398,202) (379,166,426,213) (386,210,469,293)
"1308598655.1336":(372,188,443,259) (295,124,351,180) (469,252,592,375) (334,147,389,202) (379,170,424,215) (391,208,475,292)
"1308598655.4019":(376,192,446,262) (299,125,355,181) (463,246,588,371) (338,145,394,201) (375,170,421,216) (385,207,468,290)
"1308598655.6701":(378,199,446,267) (295,128,353,186) (472,256,599,383) (349,144,404,199) (380,167,426,213) (394,206,476,288)
"1308598655.9336":(369,195,439,265) (294,127,352,185) (473,251,601,379) (358,144,414,200) (386,209,470,293)
"1308598656.2016":(365,193,443,271) (284,128,342,186) (472,251,596,375) (362,147,417,202) (384,202,468,286)
"1308598656.4695":(375,199,445,269) (286,125,345,184) (470,249,596,375) (361,148,416,203) (382,209,464,291)
"1308598656.7311":(367,195,441,269) (277,126,336,185) (469,252,597,380) (358,146,413,201) (395,206,477,288)
"1308598657.0017":(367,193,441,267) (285,126,342,183) (467,257,595,385) (360,146,415,201) (385,208,468,291)
"1308598657.2695":(370,194,444,268) (294,129,350,185) (475,256,599,380) (359,146,414,201) (386,206,470,290)
"1308598657.5312":(369,198,447,276) (292,126,349,183) (477,252,604,379) (357,145,412,200) (389,210,470,291)
"1308598657.7991":(375,192,449,266) (292,126,349,183) (463,253,587,377) (354,145,409,200) (387,204,470,287)
"1308598658.0728":(366,198,440,272) (296,127,353,184) (468,251,595,378) (359,147,414,202) (383,207,467,291)
"1308598658.3322":(370,199,441,270) (304,128,362,186) (480,250,603,373) (357,148,412,203) (385,202,466,283)
"1308598658.5992":(377,192,451,266) (314,125,369,180) (465,251,591,377) (363,150,419,206) (394,203,477,286)
"1308598658.8671":(306,128,362,184) (474,254,599,379) (359,146,414,201) (389,211,472,294)
"1308598659.1311":(370,197,446,273) (285,126,340,181) (475,248,603,376) (362,147,417,202) (385,210,466,291)
"1308598659.3991":(374,197,446,269) (266,124,321,179) (464,251,593,380) (359,144,414,199) (385,205,467,287)
"1308598659.6671":(369,196,443,270) (263,127,320,184) (454,254,581,381) (352,144,407,199) (393,208,477,292)
"1308598659.9311":(374,192,448,266) (261,127,318,184) (468,249,593,374) (344,148,399,203) (376,169,422,215) (394,206,475,287)
"1308598660.1992":(382,199,453,270) (259,125,317,183) (470,253,598,381) (331,146,386,201) (372,165,419,212) (386,201,470,285)
"1308598660.4671":(376,196,438,258) (255,127,313,185) (470,250,598,378) (321,147,373,199) (375,168,422,215) (382,209,463,290)
"1308598660.7311":(368,197,448,277) (255,128,314,187) (463,251,591,379) (312,146,367,201) (376,168,422,214) (392,213,473,294)
"1308598660.9991":(373,194,443,264) (253,122,313,182) (466,248,594,376) (312,150,367,205) (374,164,421,211) (396,211,476,291)
"1308598661.2671":(372,191,441,260) (-82,2596,722,3400) (464,251,592,379) (305,151,366,212) (375,167,422,214) (384,208,467,291)
"1308598661.5312":(380,192,450,262) (250,126,310,186) (471,255,599,383) (304,148,358,202) (377,168,423,214) (384,209,467,292)
"1308598661.7991":(377,199,437,259) (245,128,305,188) (476,252,601,377) (298,149,353,204) (379,165,425,211) (389,208,471,290)
"1308598662.0671":(374,190,445,261) (246,129,306,189) (488,255,612,379) (289,149,344,204) (375,168,421,214) (388,214,469,295)
"1308598662.3312":(374,189,451,266) (243,129,304,190) (476,254,599,377) (298,148,354,204) (375,165,421,211) (389,205,470,286)
"1308598662.5991":(367,201,440,274) (259,128,303,172) (475,251,603,379) (291,150,353,212) (375,167,421,213) (390,214,471,295)
"1308598662.8671":(365,194,439,268) (256,127,317,188) (463,245,587,369) (290,147,345,202) (374,166,420,212) (389,206,471,288)
"1308598663.1351":(367,196,439,268) (257,128,317,188) (475,249,598,372) (288,144,349,205) (380,168,426,214) (387,209,469,291)
"1308598663.3991":(366,197,440,271) (253,126,314,187) (471,248,601,378) (285,146,340,201) (372,169,420,217) (389,211,471,293)
"1308598663.6671":(379,195,444,260) (253,127,314,188) (481,249,607,375) (292,142,354,204) (377,166,424,213) (392,203,475,286)
"1308598663.9351":(374,199,447,272) (259,126,320,187) (465,248,589,372) (295,146,350,201) (374,168,420,214) (384,203,465,284)
"1308598664.1992":(371,192,441,262) (257,126,316,185) (462,244,587,369) (294,146,348,200) (373,165,420,212) (374,206,457,289)
"1308598664.4671":(377,190,450,263) (253,128,314,189) (462,248,585,371) (295,146,350,201) (377,169,424,216) (393,205,475,287)
"1308598664.7351":(371,191,441,261) (259,127,317,185) (466,253,593,380) (291,148,346,203) (377,166,423,212) (390,210,471,291)
"1308598664.9991":(371,193,439,261) (248,127,307,186) (475,252,602,379) (298,144,353,199) (376,166,423,213) (376,205,457,286)
"1308598665.2671":(371,191,440,260) (258,128,319,189) (470,251,598,379) (287,143,342,198) (376,164,424,212) (379,215,460,296)
"1308598665.5351":(367,194,440,267) (254,130,315,191) (471,249,599,377) (296,145,351,200) (374,165,421,212) (388,209,471,292)
"1308598665.7991":(374,194,439,259) (261,125,322,186) (474,251,601,378) (289,149,344,204) (378,168,425,215) (383,210,468,295)
"1308598666.0671":(367,191,441,265) (258,128,318,188) (471,249,599,377) (289,146,344,201) (374,166,420,212) (379,212,463,296)
"1308598666.3351":(366,192,440,266) (257,123,318,184) (482,247,612,377) (291,145,346,200) (376,163,425,212) (386,213,466,293)
"1308598666.5991":(360,188,433,261) (257,125,316,184) (480,253,604,377) (290,144,346,200) (376,166,422,212) (392,206,473,287)
"1308598666.8671":(374,199,445,270) (255,123,315,183) (475,250,603,378) (297,147,338,188) (380,168,426,214) (388,208,469,289)
"1308598667.1351":(369,189,441,261) (260,130,321,191) (459,247,587,375) (290,148,345,203) (379,170,426,217) (380,201,463,284)
"1308598667.3991":(363,196,437,270) (257,130,318,191) (476,254,600,378) (289,144,344,199) (371,167,419,215) (380,203,463,286)
"1308598667.6671":(370,192,444,266) (252,126,312,186) (463,249,589,375) (296,145,351,200) (377,169,424,216) (385,208,466,289)
"1308598667.9353":(378,199,449,270) (259,124,320,185) (475,254,599,378) (298,145,353,200) (376,166,422,212) (393,213,474,294)
"1308598668.7352":(366,198,440,272) (253,124,315,186) (469,253,595,379) (290,143,345,198) (375,165,422,212) (393,211,474,292)
"1308598668.9991":(367,188,441,262) (253,127,315,189) (471,247,597,373) (295,138,349,192) (371,165,417,211) (383,207,465,289)
"1308598669.2671":(368,198,439,269) (262,126,324,188) (476,248,602,374) (295,145,350,200) (374,168,421,215) (387,210,469,292)
"1308598670.3352":(354,188,425,259) (253,129,313,189) (462,247,590,375) (298,149,353,204) (386,206,470,290)
"1308598670.5992":(354,185,427,258) (254,129,314,189) (470,243,598,371) (298,144,353,199) (385,206,466,287)
"1308598670.8672":(349,183,419,253) (252,127,313,188) (466,247,592,373) (298,152,353,207) (386,205,468,287)
"1308598671.1360":(349,182,419,252) (258,127,319,188) (463,248,591,376) (297,147,352,202) (383,202,464,283)
"1308598671.6672":(351,188,421,258) (255,127,315,187) (474,244,603,373) (297,149,352,204) (383,213,464,294)
"1308598671.9353":(348,185,418,255) (258,128,319,189) (465,252,593,380) (292,148,354,210) (387,213,471,297)
"1308598672.2032":(346,191,417,262) (252,129,313,190) (460,249,588,377) (297,148,351,202) (375,207,458,290)
"1308598673.0032":(357,191,427,261) (249,128,310,189) (466,250,595,379) (302,152,357,207) (388,208,470,290)
"1308598673.5351":(362,189,432,259) (261,128,320,187) (474,242,603,371) (298,147,352,201) (387,204,472,289)
"1308598673.8063":(344,184,421,261) (249,126,309,186) (469,247,596,374) (295,152,350,207) (386,206,470,290)
"1308598674.0673":(357,183,427,253) (259,130,318,189) (475,252,601,378) (296,147,351,202) (379,208,463,292)
"1308598674.6069":(353,192,424,263) (258,128,319,189) (466,251,593,378) (295,146,349,200) (381,207,464,290)
"1308598674.8672":(351,194,427,270) (254,127,315,188) (463,259,589,385) (299,149,354,204) (389,200,470,281)
"1308598675.1351":(357,193,427,263) (265,127,308,170) (461,251,588,378) (299,145,352,198) (381,214,462,295)
"1308598675.9352":(353,194,429,270) (254,130,316,192) (480,248,608,376) (294,145,347,198) (361,160,406,205) (381,212,463,294)
"1308598676.2032":(361,189,432,260) (255,128,315,188) (469,250,596,377) (297,145,352,200) (361,166,408,213) (383,208,465,290)
"1308598676.7356":(360,188,437,265) (252,125,312,185) (477,252,604,379) (294,144,349,199) (360,171,405,216) (389,205,471,287)
"1308598677.0032":(353,187,425,259) (258,127,319,188) (471,253,595,377) (294,147,347,200) (361,162,407,208) (383,215,464,296)
"1308598677.5420":(351,194,422,265) (257,128,317,188) (462,252,590,380) (298,146,353,201) (364,165,410,211) (389,207,472,290)
"1308598678.6032":(361,193,432,264) (255,126,316,187) (489,256,617,384) (292,147,344,199) (363,169,408,214) (387,203,468,284)
"1308598678.8674":(357,191,424,258) (245,128,306,189) (479,249,607,377) (291,150,346,205) (363,169,408,214) (385,212,470,297)
"1308598679.4033":(362,185,432,255) (249,123,310,184) (470,254,598,382) (295,144,349,198) (363,164,409,210) (387,202,470,285)
"1308598679.6720":(351,192,422,263) (256,134,317,195) (470,255,598,383) (305,143,346,184) (358,164,403,209) (385,205,467,287)
"1308598679.9362":(359,193,430,264) (257,125,316,184) (473,256,601,384) (297,147,352,202) (370,163,416,209) (380,200,460,280)
"1308598680.2030":(359,193,430,264) (256,127,317,188) (472,248,596,372) (290,145,345,200) (369,165,415,211) (383,205,465,287)
"1308598680.4672":(358,195,420,257) (259,126,321,188) (467,249,592,374) (283,146,338,201) (367,162,413,208) (389,207,466,284)
"1308598680.7360":(349,198,419,268) (259,124,320,185) (463,252,589,378) (293,141,348,196) (388,206,472,290)
"1308598681.0086":(353,196,429,272) (260,125,318,183) (473,251,601,379) (291,146,352,207) (378,206,459,287)
"1308598681.8041":(358,193,436,271) (261,124,322,185) (469,251,597,379) (285,144,346,205) (378,207,459,288)
"1308598682.0734":(352,192,433,273) (257,128,315,186) (478,248,602,372) (291,147,346,202) (386,207,469,290)
"1308598682.3398":(351,194,429,272) (259,129,317,187) (473,250,601,378) (288,146,343,201) (384,210,468,294)
"1308598682.6091":(358,193,436,271) (254,127,314,187) (465,252,591,378) (297,151,352,206) (387,202,468,283)
"1308598683.6712":(351,195,427,271) (262,128,320,186) (485,253,608,376) (285,149,337,201) (380,206,463,289)
"1308598684.7407":(346,189,422,265) (254,124,313,183) (468,250,595,377) (289,147,351,209) (382,206,464,288)
"1308598685.0031":(359,199,436,276) (253,127,313,187) (472,248,592,368) (288,151,343,206) (384,207,468,291)
"1308598686.3472":(364,192,445,273) (255,124,314,183) (477,254,604,381) (284,151,343,210) (385,208,466,289)
