"1308948544.0232":(375,189,437,251) (327,136,400,209)
"1308948544.3041":(368,187,430,249) (329,137,403,211)
"1308948544.5735":(370,193,431,254) (329,137,402,210)
"1308948544.8336":(370,183,433,246) (335,135,410,210)
"1308948545.1043":(371,182,433,244) (336,139,410,213)
"1308948545.3732":(376,188,438,250) (339,138,411,210)
"1308948545.6351":(372,183,434,245) (339,140,412,213)
"1308948545.9010":(370,180,432,242) (335,138,408,211)
"1308948546.1689":(373,189,434,250) (334,141,407,214)
"1308948546.4374":(370,195,432,257) (336,137,408,209)
"1308948546.7009":(368,180,430,242) (335,147,408,220)
"1308948546.9730":(376,184,438,246) (340,137,410,207)
"1308948547.2390":(374,188,435,249) (333,141,406,214)
"1308948547.5072":(368,185,430,247) (336,136,405,205)
"1308948547.7719":(369,191,430,252) (334,138,408,212)
"1308948548.0328":(371,194,432,255) (339,140,411,212)
"1308948548.3007":(366,188,429,251) (336,139,411,214)
"1308948548.5749":(367,198,428,259) (336,139,408,211)
"1308948548.8368":(365,185,426,246) (329,137,401,209)
"1308948549.1008":(368,181,429,242) (331,139,405,213)
"1308948549.3748":(370,181,431,242) (335,142,407,214)
"1308948549.6370":(369,182,432,245) (333,136,406,209)
"1308948549.9011":(374,184,434,244) (333,138,408,213)
"1308948550.1725":(373,181,436,244) (329,145,402,218)
"1308948550.4370":(370,180,433,243) (338,136,411,209)
"1308948550.7021":(374,179,436,241) (337,144,410,217)
"1308948550.9725":(377,184,439,246) (338,136,411,209)
"1308948551.2431":(375,186,438,249) (335,138,408,211)
"1308948551.5008":(374,186,437,249) (334,147,408,221)
"1308948551.7688":(373,185,434,246) (334,136,409,211)
"1308948552.0368":(375,174,438,237) (338,137,411,210)
"1308948552.3033":(373,180,434,241) (337,140,410,213)
"1308948552.5696":(377,182,439,244) (345,146,419,220)
"1308948552.8368":(368,194,430,256) (348,142,422,216) (326,151,374,199)
"1308948553.1069":(370,184,433,247) (351,134,425,208) (321,151,368,198)
"1308948553.3754":(345,134,419,208) (319,155,367,203)
"1308948553.6367":(348,135,411,198) (318,155,366,203)
"1308948553.9037":(348,141,409,202) (318,160,366,208)
"1308948554.1713":(342,147,415,220) (314,155,362,203)
"1308948554.4392":(340,141,414,215) (314,152,362,200)
"1308948554.7035":(346,135,415,204) (312,155,360,203)
"1308948554.9714":(347,134,418,205) (305,163,375,233)
"1308948555.2392":(369,186,429,246) (345,134,419,208) (313,154,361,202)
"1308948555.5010":(341,137,415,211) (312,157,360,205)
"1308948555.7713":(344,132,406,194) (319,154,367,202)
"1308948556.0469":(341,137,414,210) (306,158,354,206)
"1308948556.3008":(346,132,418,204) (328,153,375,200)
"1308948556.5689":(353,141,424,212) (327,151,375,199)
"1308948556.8395":(347,134,421,208) (318,149,366,197)
"1308948557.1009":(343,132,417,206) (325,153,373,201)
"1308948557.3689":(342,137,416,211) (334,152,382,200)
"1308948557.6393":(348,139,422,213) (324,157,372,205)
"1308948557.9103":(348,133,422,207) (326,155,373,202)
"1308948558.1689":(353,142,427,216) (324,151,372,199)
"1308948558.4368":(352,140,426,214) (326,163,374,211)
"1308948558.7073":(366,131,439,204) (330,152,377,199)
"1308948558.9688":(357,136,431,210) (332,149,380,197)
"1308948559.2368":(362,143,436,217) (325,157,373,205)
"1308948559.5048":(355,138,429,212) (328,152,376,200)
"1308948559.7688":(359,131,433,205) (330,152,378,200)
"1308948560.0368":(358,136,432,210) (325,154,373,202)
"1308948560.3048":(354,136,426,208) (323,153,371,201)
"1308948560.5689":(376,185,434,243) (356,135,431,210) (325,156,373,204)
"1308948560.8368":(371,186,430,245) (357,136,431,210) (323,148,371,196)
"1308948561.1048":(374,187,434,247) (355,134,429,208) (329,150,376,197)
"1308948561.3688":(372,186,433,247) (366,135,439,208) (324,154,372,202)
"1308948561.6369":(371,186,431,246) (362,138,435,211) (331,150,379,198)
"1308948561.9048":(373,186,434,247) (362,134,435,207) (325,155,373,203)
"1308948562.1689":(373,188,434,249) (362,138,436,212) (330,159,378,207)
"1308948562.4369":(379,189,441,251) (354,134,428,208) (331,157,378,204)
"1308948562.7048":(384,186,443,245) (362,135,436,209) (328,156,376,204)
"1308948563.2368":(343,132,417,206) 
"1308948563.5048":(352,133,414,195) (317,153,364,200)
"1308948563.7691":(361,134,432,205) (318,159,366,207)
"1308948564.0369":(368,186,430,248) (360,136,434,210) (328,162,376,210)
"1308948564.3048":(376,177,436,237) (352,133,427,208) (324,154,371,201)
"1308948564.5689":(365,182,426,243) (340,131,414,205) (329,158,376,205)
"1308948564.8375":(372,185,433,246) (335,128,407,200)
"1308948565.1048":(369,184,429,244) (330,135,403,208)
"1308948565.3720":(373,168,418,213) (371,188,431,248) (329,134,402,207)
"1308948565.6369":(364,194,425,255) (331,135,402,206)
"1308948565.9050":(363,177,424,238) (326,139,400,213)
"1308948566.1690":(371,165,419,213) (371,186,432,247) (325,139,399,213)
"1308948566.4368":(374,164,417,207) (369,185,430,246) (330,139,404,213)
"1308948566.7048":(376,169,424,217) (373,188,434,249) (336,134,407,205)
"1308948566.9729":(376,167,424,215) (374,186,436,248) (330,132,402,204)
"1308948567.2368":(374,165,420,211) (369,190,431,252) (334,131,406,203)
"1308948567.5049":(380,163,427,210) (370,185,432,247) (333,131,405,203)
"1308948567.7728":(372,168,415,211) (372,184,433,245) (340,138,414,212)
"1308948568.0370":(375,164,419,208) (373,185,434,246) (333,136,404,207)
"1308948568.3048":(377,167,421,211) (373,184,434,245) (338,132,411,205)
"1308948568.5728":(379,163,422,206) (371,192,432,253) (340,134,412,206)
"1308948568.8369":(380,166,424,210) (365,186,427,248) (340,134,413,207)
"1308948569.1050":(378,168,420,210) (373,186,434,247) (339,134,412,207)
"1308948569.3729":(378,169,425,216) (372,185,434,247) (335,137,408,210)
"1308948569.6369":(379,165,421,207) (372,184,432,244) (337,132,409,204)
"1308948569.9049":(381,170,423,212) (368,186,430,248) (334,133,404,203)
"1308948570.1729":(371,167,415,211) (373,185,435,247) (335,131,408,204)
"1308948570.4370":(373,186,435,248) (332,133,404,205)
"1308948570.7049":(367,184,429,246) (331,133,405,207)
"1308948570.9730":(368,189,430,251) (331,136,401,206)
"1308948571.2368":(366,181,428,243) (333,133,405,205)
"1308948571.5050":(372,183,433,244) (333,136,407,210)
"1308948571.7729":(369,184,430,245) (329,139,404,214)
"1308948572.0382":(365,185,427,247) (329,135,401,207)
"1308948572.3050":(367,187,428,248) (329,133,402,206)
"1308948572.5729":(376,184,437,245) (330,133,402,205)
"1308948572.8369":(373,191,434,252) (330,135,401,206)
"1308948573.1049":(373,184,434,245) (333,133,404,204)
"1308948573.3733":(378,188,426,236) (333,137,404,208)
"1308948573.6369":(371,182,432,243) (331,135,403,207)
"1308948573.9062":(368,187,429,248) (334,133,405,204)
"1308948574.1729":(365,188,427,250) (333,136,406,209)
"1308948574.4381":(371,184,431,244) (329,135,401,207)
"1308948574.7074":(374,185,436,247) (331,135,402,206)
"1308948574.9756":(372,185,433,246) (330,134,403,207)
"1308948575.2408":(376,182,437,243) (327,133,398,204)
"1308948575.5110":(373,184,435,246) (330,135,403,208)
"1308948575.7765":(376,189,438,251) (332,132,402,202)
"1308948576.0463":(375,184,435,244) (322,130,394,202)
"1308948576.3124":(372,183,447,258) (324,131,394,201)
"1308948576.5785":(377,186,437,246) (329,133,401,205)
"1308948576.8408":(377,181,439,243) (326,134,397,205)
"1308948577.1049":(379,184,440,245) (326,134,396,204)
"1308948577.3729":(376,189,438,251) (330,135,402,207)
"1308948577.6500":(378,186,438,246) (331,134,401,204)
"1308948577.9140":(373,184,435,246) (335,132,407,204)
"1308948578.1729":(371,189,433,251) (327,131,397,201)
"1308948578.4414":(375,183,437,245) (327,132,399,204)
"1308948578.7126":(356,176,436,256) (344,132,391,179)
"1308948578.9737":(376,181,438,243) (325,132,395,202)
"1308948579.2435":(371,185,431,245) (330,134,403,207)
"1308948579.5130":(373,187,435,249) (323,137,396,210)
"1308948579.7787":(377,188,439,250) (329,136,402,209)
"1308948580.0499":(375,183,437,245) (326,131,399,204)
"1308948580.3102":(372,193,434,255) (326,131,398,203)
"1308948580.5744":(372,182,434,244) (327,139,401,213)
"1308948580.8459":(375,183,437,245) (327,136,400,209)
"1308948581.1050":(372,181,433,242) (329,139,401,211)
"1308948581.3738":(373,182,434,243) (328,135,403,210)
"1308948581.6484":(371,185,431,245) (329,133,402,206)
"1308948581.9048":(374,186,436,248) (329,140,402,213)
"1308948582.1730":(372,190,434,252) (329,137,402,210)
"1308948582.4410":(376,184,437,245) (331,135,404,208)
"1308948582.7049":(374,187,436,249) (334,139,405,210)
"1308948582.9731":(376,182,437,243) (332,135,405,208)
"1308948583.2420":(376,183,438,245) (331,143,402,214)
"1308948583.5095":(374,185,434,245) (334,132,407,205)
"1308948583.7781":(371,186,431,246) (331,132,405,206)
"1308948584.0511":(366,182,428,244) (335,136,406,207)
"1308948584.3088":(367,189,429,251) (332,138,405,211)
"1308948584.5728":(370,193,431,254) (328,141,402,215)
"1308948584.8408":(377,166,424,213)
"1308948585.1091":(369,184,430,245) (330,135,403,208)
"1308948585.3764":(373,187,434,248) (336,137,409,210)
"1308948585.6408":(368,188,428,248) (330,134,403,207)
"1308948585.9203":(370,193,431,254) (328,145,399,216)
"1308948586.1761":(372,187,432,247) (329,138,401,210)
"1308948586.4409":(368,184,429,245) (330,139,404,213)
"1308948586.7146":(369,192,429,252) (333,133,407,207)
"1308948586.9734":(368,182,429,243) (327,133,398,204)
"1308948587.2483":(368,181,430,243) (329,137,402,210)
"1308948587.5089":(371,180,432,241) (329,134,402,207)
"1308948587.7754":(367,190,429,252) (329,136,402,209)
"1308948588.0500":(364,187,423,246) (330,135,403,208)
"1308948588.3087":(369,184,431,246) (330,137,403,210)
"1308948588.5753":(368,187,428,247) (329,135,398,204)
"1308948588.8433":(366,185,427,246) (329,135,402,208)
"1308948589.1163":(371,186,432,247) (329,135,403,209)
"1308948589.3755":(370,184,430,244) (332,138,406,212)
"1308948589.6434":(368,192,428,252) (328,135,401,208)
"1308948589.9129":(363,186,423,246) (329,135,401,207)
"1308948590.1765":(366,187,426,247) (327,132,401,206)
"1308948590.4433":(363,187,424,248) (327,134,400,207)
"1308948590.7113":(366,187,427,248) (324,144,398,218)
"1308948590.9754":(366,182,428,244) (328,138,399,209)
"1308948591.2440":(372,186,434,248) (324,137,398,211)
"1308948591.5115":(368,182,429,243) (327,159,400,232)
"1308948591.7729":(369,182,429,242) (325,141,399,215)
"1308948592.0433":(369,179,429,239) (326,149,399,222)
"1308948592.3113":(373,184,434,245) (330,132,403,205)
"1308948592.5728":(368,180,430,242) (316,133,391,208)
"1308948592.8411":(366,184,427,245) (335,139,381,185)
"1308948593.1118":(367,183,430,246) (327,133,402,208)
"1308948593.3825":(367,180,428,241) (327,140,386,199)
"1308948593.6412":(359,189,421,251) (323,137,397,211)
"1308948593.9091":(362,188,424,250) (322,136,396,210)
"1308948594.1794":(357,188,418,249) (321,137,396,212)
"1308948594.4408":(359,189,419,249) (318,135,393,210)
"1308948594.7088":(361,199,422,260) (322,137,397,212)
"1308948594.9768":(369,192,431,254) (324,143,399,218)
"1308948595.2408":(369,195,431,257) (322,150,396,224)
"1308948595.5099":(366,186,428,248) (335,129,408,202)
"1308948595.7768":(372,199,433,260) (325,135,397,207)
"1308948596.0408":(367,184,430,247) (327,135,401,209)
"1308948596.3088":(376,184,437,245) (325,132,399,206)
"1308948596.5768":(377,187,438,248) (330,135,402,207)
"1308948596.8410":(370,185,431,246) (324,131,397,204)
"1308948597.1092":(370,184,432,246) (329,133,400,204)
"1308948597.3768":(378,186,439,247) (327,133,401,207)
"1308948597.6408":(369,193,431,255) (327,139,400,212)
"1308948597.9089":(374,189,436,251) (329,128,403,202)
"1308948598.1768":(370,182,433,245) (327,134,400,207)
"1308948598.4409":(373,187,435,249) (328,134,402,208)
"1308948598.7107":(367,182,428,243) (332,131,405,204)
"1308948598.9768":(375,183,436,244) (327,130,400,203)
"1308948599.2408":(373,187,435,249) (333,136,403,206)
"1308948599.5091":(371,189,431,249) (333,151,404,222)
"1308948599.7768":(373,186,434,247) (327,129,397,199)
"1308948600.0408":(369,195,430,256) (334,138,404,208)
"1308948600.3088":(371,179,433,241) (333,130,404,201)
"1308948600.5768":(373,183,434,244) (321,134,395,208)
"1308948600.8411":(374,181,434,241) (329,134,403,208)
"1308948601.1088":(373,184,434,245) (328,137,402,211)
"1308948601.3768":(366,192,428,254) (332,137,405,210)
"1308948601.6408":(377,178,438,239) (340,135,413,208)
"1308948601.9088":(375,182,435,242) (325,138,396,209)
"1308948602.1768":(374,184,435,245) (341,134,412,205)
"1308948602.4448":(371,177,432,238) (327,142,399,214)
"1308948602.7090":(378,185,439,246) (328,130,401,203)
"1308948602.9768":(381,187,441,247) (328,133,398,203)
"1308948603.2448":(376,180,439,243) (321,134,395,208)
"1308948603.5091":(379,187,441,249) (324,133,398,207)
"1308948603.7768":(382,184,445,247) (330,138,402,210)
"1308948604.0448":(379,182,441,244) (328,141,402,215)
"1308948604.3089":(377,184,439,246) (326,131,399,204)
"1308948604.5768":(374,185,437,248) (321,137,395,211)
"1308948604.8448":(376,189,436,249) (315,132,385,202)
"1308948605.1102":(374,191,434,251) (308,128,378,198)
"1308948605.3769":(370,184,432,246) (305,141,375,211)
"1308948605.6449":(371,185,433,247) (305,129,375,199)
"1308948605.9089":(374,190,437,253) (300,130,370,200)
"1308948606.1769":(372,188,435,251) (304,138,376,210)
"1308948606.4450":(372,185,435,248) (313,136,387,210)
"1308948606.7090":(370,187,433,250) (317,137,392,212)
"1308948606.9795":(372,189,432,249) (323,132,395,204)
"1308948607.2447":(370,180,431,241) (322,130,393,201)
"1308948607.5089":(366,186,428,248) (326,132,399,205)
"1308948607.7799":(377,177,439,239) (331,134,403,206)
"1308948608.0451":(369,188,430,249) (327,143,403,219)
"1308948608.3090":(372,187,432,247) (326,135,396,205)
"1308948608.5769":(373,182,434,243) (323,133,394,204)
"1308948608.8450":(376,187,438,249) (319,131,390,202)
"1308948609.1089":(370,185,433,248) (325,141,396,212)
"1308948609.3800":(374,185,434,245) (320,134,394,208)
"1308948609.6459":(377,186,439,248) (320,129,390,199)
"1308948609.9090":(368,182,430,244) (319,131,389,201)
"1308948610.1769":(373,189,435,251) (325,136,396,207)
"1308948610.4449":(372,181,434,243) (326,130,397,201)
"1308948610.7129":(374,186,434,246) (318,140,394,216)
"1308948610.9780":(370,182,431,243) (322,132,398,208)
"1308948611.2449":(369,183,431,245) (320,130,395,205)
"1308948611.5147":(365,182,427,244) (320,131,395,206)
"1308948611.7771":(364,194,425,255) (321,131,395,205)
"1308948612.0482":(363,185,423,245) (323,127,397,201)
"1308948612.3130":(366,182,427,243) (321,133,394,206)
"1308948612.5816":(372,181,434,243) (322,136,395,209)
"1308948612.8449":(373,187,435,249) (321,132,391,202)
"1308948613.1132":(372,181,434,243) (321,138,396,213)
"1308948613.3814":(366,186,427,247) (311,133,386,208)
"1308948613.6450":(369,182,429,242) (315,133,388,206)
"1308948613.9230":(369,187,429,247) (317,134,389,206)
"1308948614.1827":(370,185,432,247) (321,132,393,204)
"1308948614.4476":(369,184,430,245) (316,129,387,200)
"1308948614.7202":(366,182,428,244) (321,132,391,202)
"1308948614.9771":(355,182,436,263) (325,137,398,210)
"1308948615.2450":(359,187,421,249) (320,134,394,208)
"1308948615.5128":(366,183,428,245) (320,129,396,205)
"1308948615.7768":(365,180,427,242) (322,139,388,205)
"1308948616.0515":(370,184,432,246) (328,131,398,201)
"1308948616.3179":(377,183,437,243) (324,134,396,206)
"1308948616.5818":(370,186,432,248) (331,140,400,209)
"1308948616.8481":(368,182,430,244) (330,132,401,203)
"1308948617.1201":(368,189,428,249) (327,138,397,208)
"1308948617.3773":(371,183,433,245) (323,133,394,204)
"1308948617.6507":(373,182,433,242) (322,145,394,217)
"1308948617.9184":(371,182,433,244) (329,136,397,204)
"1308948618.1812":(370,186,430,246) (329,137,402,210)
"1308948618.4451":(364,183,425,244) (329,132,402,205)
"1308948618.7129":(377,184,438,245) (328,137,399,208)
"1308948618.9769":(377,187,438,248) (328,139,401,212)
"1308948619.2483":(373,175,433,235) (327,134,396,203)
"1308948619.5129":(379,182,439,242) (325,134,399,208)
"1308948619.7807":(373,186,435,248) (320,134,390,204)
"1308948620.0448":(379,182,439,242) (317,133,389,205)
"1308948620.3163":(359,185,420,246) (320,133,395,208)
"1308948620.5851":(366,158,411,203) (359,186,419,246) (315,135,381,202)
"1308948620.8505":(364,153,409,198) (362,187,422,247) (313,135,382,204)
"1308948621.1128":(369,159,414,204) (356,188,416,248) (314,138,385,209)
"1308948621.3810":(365,160,412,207) (359,190,418,249) (316,132,387,203)
"1308948621.6458":(358,164,404,210) (362,194,423,255) (306,136,382,212)
"1308948621.9161":(357,158,405,206) (352,187,412,247) (313,136,384,207)
"1308948622.1808":(361,185,421,245) (309,134,380,205)
"1308948622.4448":(359,187,420,248) (330,150,372,192)
"1308948622.7219":(369,189,429,249) (316,143,387,214)
"1308948622.9809":(364,183,425,244) (320,134,395,209)
"1308948623.2474":(362,194,423,255) (320,134,393,207)
"1308948623.5127":(367,179,428,240) (315,130,390,205)
"1308948623.7865":(370,187,430,247) (316,132,390,206)
"1308948624.0474":(375,184,436,245) (322,141,395,214)
"1308948624.3128":(368,182,429,243) (315,134,390,209)
"1308948624.5882":(369,183,429,243) (311,130,386,205)
"1308948624.8475":(361,180,420,239) (320,130,394,204)
"1308948625.1153":(360,185,420,245) (311,134,383,206)
"1308948625.3851":(363,185,422,244) (318,134,389,205)
"1308948625.6476":(365,184,424,243) (316,142,388,214)
"1308948625.9154":(363,184,423,244) (316,132,388,204)
"1308948626.1833":(368,161,416,209) (363,188,424,249) (309,138,381,210)
"1308948626.4479":(361,189,423,251) (313,141,372,200)
"1308948626.7128":(370,183,432,245) (319,140,368,189)
"1308948626.9833":(377,190,439,252) (323,129,395,201)
"1308948627.2449":(375,193,437,255) (319,137,391,209)
"1308948627.5154":(371,185,432,246) (314,135,384,205)
"1308948627.7834":(365,179,427,241) (318,130,388,200)
"1308948628.0449":(368,179,430,241) (323,134,393,204)
"1308948628.3132":(372,181,434,243) (319,129,389,199)
"1308948628.5834":(370,183,431,244) (326,131,397,202)
"1308948628.8513":(366,182,426,242) (316,130,385,199)
"1308948629.1129":(367,185,428,246) (318,131,388,201)
"1308948629.3809":(370,194,430,254) (324,143,397,216)
"1308948629.6513":(369,181,431,243) (324,130,395,201)
"1308948629.9128":(368,186,430,248) (320,134,391,205)
"1308948630.1809":(377,191,436,250) (326,129,399,202)
"1308948630.4514":(380,184,442,246) (318,135,388,205)
"1308948630.7131":(372,185,433,246) (320,137,390,207)
"1308948630.9808":(373,182,434,243) (319,134,392,207)
"1308948631.2488":(372,183,434,245) (314,130,385,201)
"1308948631.5129":(370,187,431,248) (321,128,391,198)
"1308948631.7809":(372,187,433,248) (324,139,394,209)
"1308948632.0488":(374,187,435,248) (325,130,395,200)
"1308948632.3128":(369,188,431,250) (318,138,388,208)
"1308948632.5808":(372,182,432,242) (322,130,392,200)
"1308948632.8488":(373,185,433,245) (325,140,395,210)
"1308948633.1129":(370,191,431,252) (322,140,392,210)
"1308948633.3808":(375,186,436,247) (321,136,393,208)
"1308948633.6488":(370,181,432,243) (317,146,388,217)
"1308948633.9131":(375,177,436,238) (324,131,393,200)
"1308948634.1809":(370,186,432,248) (322,137,391,206)
"1308948634.4489":(374,185,434,245) (326,130,396,200)
"1308948634.7130":(377,185,438,246) (323,134,395,206)
"1308948634.9809":(365,183,426,244) (322,130,392,200)
"1308948635.2488":(375,181,436,242) (325,131,396,202)
"1308948635.5128":(370,181,431,242) (323,127,394,198)
"1308948635.7808":(372,185,432,245) (324,127,395,198)
"1308948636.0488":(374,187,434,247) (325,133,396,204)
"1308948636.3129":(369,184,429,244) (320,135,390,205)
"1308948636.5809":(374,182,435,243) (322,138,394,210)
"1308948636.8488":(373,179,433,239) (320,132,391,203)
"1308948637.1128":(362,191,438,267) (307,133,379,205)
"1308948637.3809":(376,183,437,244) (312,139,385,212)
"1308948637.6488":(378,185,438,245) (309,135,382,208)
"1308948637.9169":(374,186,435,247) (299,135,373,209)
"1308948638.1809":(379,181,440,242) (291,134,363,206)
"1308948638.4488":(372,185,433,246) (302,138,374,210)
"1308948638.7169":(365,184,426,245) (301,133,374,206)
"1308948638.9809":(370,189,430,249) (298,137,368,207)
"1308948639.2489":(373,189,434,250) (323,134,393,204)
"1308948639.5168":(372,181,433,242) (322,131,392,201)
"1308948639.7809":(369,187,430,248) (313,137,383,207)
"1308948640.0490":(371,187,431,247) (308,145,378,215)
"1308948640.3168":(365,183,427,245) (307,138,379,210)
"1308948640.5811":(368,181,428,241) (320,136,390,206)
"1308948640.8489":(357,189,418,250) (322,133,389,206)
"1308948641.1168":(351,188,411,248) (303,136,373,206)
"1308948641.3809":(355,182,417,244) (301,133,371,203)
"1308948641.6489":(356,188,417,249) (306,128,376,198)
"1308948641.9170":(365,166,410,211) (352,193,414,255) (314,134,383,203)
"1308948642.1809":(365,159,410,204) (359,185,420,246) (311,146,381,216)
"1308948642.4488":(359,186,418,245) (324,140,394,210)
"1308948642.7169":(359,192,419,252) (340,140,409,209)
"1308948642.9810":(354,186,415,247) (343,139,405,205)
"1308948643.2489":(353,189,413,249) (312,149,378,215)
"1308948643.5170":(369,184,430,245) (299,140,367,208)
"1308948643.7809":(365,188,426,249) (303,145,372,214)
"1308948644.0489":(369,190,431,252) (286,140,355,209)
"1308948644.3169":(376,185,436,245) (274,135,344,205) (322,155,383,216)
"1308948644.5838":(367,193,428,254) (263,142,335,214) (329,152,375,198)
"1308948644.8515":(365,189,428,252) (263,142,335,214) (328,154,375,201)
"1308948645.1193":(369,193,432,256) (248,137,322,211) (314,154,375,215)
"1308948645.3810":(371,187,432,248) (239,135,320,216) (317,162,377,222)
"1308948645.6489":(377,165,425,213) (372,190,435,253) (235,132,319,216) (328,155,375,202)
"1308948645.9170":(376,165,423,212) (378,195,441,258) (210,137,301,228) (324,152,371,199)
"1308948646.1849":(376,161,424,209) (377,195,438,256) (210,135,301,226) (320,154,367,201)
"1308948646.4511":(377,163,425,211) (380,189,442,251) (197,142,297,242) (327,162,375,210)
"1308948646.7186":(381,168,422,209) (382,192,444,254) (200,142,304,246) (322,153,369,200)
"1308948646.9876":(381,165,429,213) (375,192,436,253) (196,146,305,255) (320,152,367,199)
"1308948647.2542":(382,164,427,209) (375,194,436,255) (182,159,297,274) (330,151,377,198)
"1308948647.5169":(375,158,422,205) (377,185,438,246) (158,160,282,284) (324,154,371,201)
"1308948647.7851":(375,159,423,207) (374,187,435,248) (154,164,283,293) (327,156,375,204)
"1308948648.0499":(378,165,424,211) (379,188,440,249) (153,178,286,311) (326,152,374,200)
"1308948648.3177":(378,164,420,206) (377,189,438,250) (159,192,301,334) (328,155,375,202)
"1308948648.5876":(374,163,421,210) (380,187,441,248) (160,190,305,333) (313,149,360,196)
"1308948648.8498":(368,161,416,209) (367,189,430,252) (153,263,298,408) (318,149,364,195)
"1308948649.1168":(380,165,427,212) (371,190,434,253) (105,280,245,420) (325,153,370,198)
"1308948649.3849":(381,162,423,204) (374,187,436,249) (49,277,199,427) (323,156,370,203)
"1308948649.6576":(381,162,423,204) (380,191,440,251) (21,280,174,433) (320,157,368,205)
"1308948649.9210":(379,163,423,207) (380,191,441,252) (13,282,166,435) (322,155,369,202)
"1308948650.1869":(382,165,429,212) (381,185,442,246) (24,291,178,445) (327,156,375,204)
"1308948650.4539":(380,166,421,207) (377,186,440,249) (42,289,192,439) (324,156,371,203)
"1308948650.7213":(372,162,420,210) (59,291,208,440) (328,154,375,201)
"1308948650.9902":(370,170,419,219) (377,189,437,249) (62,289,209,436) (331,157,378,204)
"1308948651.2490":(374,167,421,214) (377,194,437,254) (60,287,206,433) (324,155,372,203)
"1308948651.5170":(381,165,428,212) (378,191,439,252) (60,302,209,451) (327,154,374,201)
"1308948651.7850":(375,165,423,213) (379,187,440,248) (35,314,195,474) (324,157,372,205)
"1308948652.0490":(369,166,416,213) (378,188,438,248) (14,319,179,484) (332,155,379,202)
"1308948652.3292":(376,163,423,210) (374,189,434,249) (26,322,194,490) (328,149,375,196)
"1308948652.5865":(377,162,419,204) (380,192,442,254) (18,336,192,510) (326,166,374,214)
"1308948652.8548":(376,167,424,215) (382,192,442,252) (16,345,198,527) (327,161,374,208)
"1308948653.1210":(380,162,424,206) (381,186,441,246) (-3,349,183,535) (325,156,372,203)
"1308948653.3964":(385,162,426,203) (378,188,440,250) (-11,359,174,544) (323,160,371,208)
"1308948653.6522":(381,162,423,204) (374,187,436,249) (325,162,373,210)
"1308948653.9223":(381,163,429,211) (384,186,445,247) (327,149,375,197)
"1308948654.1963":(375,163,422,210) (385,184,446,245) (322,156,370,204)
"1308948654.4489":(376,166,424,214) (26,322,195,491) (334,154,381,201)
"1308948654.7228":(381,164,427,210) (383,188,443,248) (22,320,185,483) (331,155,378,202)
"1308948654.9942":(373,165,421,213) (383,187,445,249) (39,321,203,485) (327,157,374,204)
"1308948655.2569":(376,164,423,211) (376,187,457,268) (25,326,189,490) (320,154,367,201)
"1308948655.5168":(382,164,430,212) (387,189,448,250) (30,331,194,495) (332,152,379,199)
"1308948655.7862":(370,167,418,215) (377,189,438,250) (26,326,191,491) (329,153,375,199)
"1308948656.0592":(375,169,422,216) (377,199,438,260) (24,328,190,494) (332,156,379,203)
"1308948656.3227":(383,162,424,203) (380,187,441,248) (14,328,183,497) (327,153,374,200)
"1308948656.5847":(372,162,419,209) (376,190,438,252) (32,336,200,504) (330,156,377,203)
"1308948656.8557":(381,166,422,207) (379,188,441,250) (28,324,194,490) (326,157,374,205)
"1308948657.1264":(374,160,416,202) (380,191,441,252) (35,329,203,497) (330,167,377,214)
"1308948657.3848":(378,163,426,211) (383,187,445,249) (37,349,204,516) (333,152,380,199)
"1308948657.6581":(380,158,428,206) (376,184,439,247) (27,337,195,505) (327,155,375,203)
"1308948657.9168":(377,163,424,210) (379,194,439,254) (18,344,186,512) (337,153,384,200)
