"1308692143.4786":(490,190,640,340)
"1308692143.7467":(484,187,632,335)
"1308692144.0106":(483,190,632,339)
"1308692144.2787":(489,189,635,335)
"1308692144.5496":(481,186,635,340)
"1308692144.8107":(486,187,634,335)
"1308692145.0786":(516,230,753,467) (485,187,635,337)
"1308692145.3466":(514,238,751,475) (483,188,626,331)
"1308692145.6107":(490,191,643,344)
"1308692145.8786":(487,192,638,343)
"1308692146.1466":(486,191,637,342)
"1308692146.4106":(487,193,637,343)
"1308692147.7466":(492,190,642,340)
"1308692148.0107":(482,190,633,341)
"1308692148.5466":(502,188,661,347) (-135,206,178,519)
"1308692148.8107":(488,189,649,350) (-108,193,181,482)
"1308692149.0788":(490,187,646,343) (-63,189,194,446)
"1308692149.3467":(488,191,647,350) (-1,166,204,371)
"1308692149.6110":(486,188,639,341) (20,167,206,353)
"1308692149.8832":(487,190,638,341) (44,166,211,333)
"1308692150.1474":(505,186,658,339) (44,146,192,294)
"1308692150.4108":(493,186,648,341) (72,153,206,287)
"1308692150.6832":(498,182,651,335) (100,152,223,275)
"1308692150.9468":(485,187,636,338) (129,151,247,269)
"1308692151.2147":(500,187,653,340) (126,145,238,257)
"1308692151.4787":(504,188,661,345) (133,142,240,249)
"1308692151.7503":(496,187,649,340) (138,144,243,249)
"1308692152.0147":(505,183,663,341) (147,141,251,245)
"1308692152.2821":(517,192,676,351) (140,132,243,235)
"1308692152.5468":(499,186,658,345) (118,137,222,241)
"1308692152.8149":(494,181,656,343) (129,138,232,241)
"1308692153.0799":(508,186,667,345) (128,140,233,245)
"1308692153.3476":(497,188,657,348) (145,143,247,245)
"1308692153.6193":(503,186,666,349) (141,146,245,250)
"1308692154.1519":(492,186,654,348) (150,140,247,237)
"1308692154.4148":(501,189,663,351) (150,142,250,242)
"1308692154.9467":(498,188,657,347) (140,142,239,241)
"1308692155.2205":(489,188,648,347) (153,138,252,237)
"1308692155.4853":(497,193,656,352) (155,140,256,241)
"1308692155.7498":(502,192,655,345) (171,138,267,234)
"1308692156.0182":(508,190,667,349) (190,134,281,225)
"1308692156.2788":(485,193,644,352) (197,136,287,226)
"1308692156.5536":(485,194,642,351) (192,132,278,218)
"1308692156.8148":(494,190,653,349) (205,136,291,222)
"1308692157.0789":(485,191,643,349) (210,133,293,216)
"1308692157.3467":(483,195,639,351) (200,133,283,216)
"1308692157.6148":(490,188,648,346) (174,136,256,218)
"1308692157.8848":(488,191,646,349) (157,138,241,222)
"1308692158.4191":(482,190,638,346) (166,137,248,219)
"1308692158.6788":(486,190,644,348) (175,133,257,215)
"1308692158.9523":(509,191,668,350) (171,132,251,212)
"1308692159.2200":(475,188,634,347) (184,138,265,219)
"1308692159.4848":(494,193,643,342) (170,134,250,214)
"1308692159.7473":(179,131,257,209)
"1308692160.0201":(484,186,636,338) (188,134,269,215)
"1308692160.2857":(488,197,648,357) (184,132,265,213)
"1308692160.5538":(488,189,644,345) (189,135,269,215)
"1308692160.8173":(497,191,655,349) (189,129,270,210)
"1308692161.3510":(488,192,641,345) (208,132,288,212)
"1308692161.6210":(487,191,639,343) (210,135,290,215)
"1308692161.8828":(482,190,643,351) (198,139,281,222)
"1308692162.1468":(489,191,647,349) (167,136,253,222)
"1308692162.4249":(156,139,246,229)
"1308692162.6887":(494,188,652,346) (138,139,228,229)
"1308692162.9496":(137,139,232,234)
"1308692163.2146":(499,192,657,350) (132,140,231,239)
"1308692163.4828":(492,190,650,348) (132,139,231,238)
"1308692163.7466":(494,193,652,351) (115,139,217,241)
"1308692164.0189":(486,191,644,349)
"1308692164.2886":(508,190,666,348) (61,138,171,248)
"1308692164.5529":(505,188,657,340) (54,142,162,250)
"1308692164.8250":(484,191,644,351) (54,147,164,257)
"1308692165.0918":(482,194,641,353) (63,139,172,248)
"1308692165.3494":(473,193,635,355) (76,143,183,250)
"1308692165.6146":(461,191,621,351) (77,140,185,248)
"1308692165.8827":(415,191,573,349) (68,143,177,252)
"1308692166.1492":(372,185,524,337) (81,143,188,250)
"1308692166.4173":(340,195,499,354) (79,142,186,249)
"1308692166.6826":(291,193,452,354) (81,147,190,256)
"1308692166.9491":(261,185,432,356) (76,140,185,249)
"1308692167.2170":(231,182,389,340) (82,145,189,252)
"1308692167.4852":(520,223,749,452) (229,173,371,315) (82,142,188,248)
"1308692167.7492":(510,217,728,435) (227,179,355,307) (74,138,181,245)
"1308692168.0172":(487,212,731,456) (213,171,331,289) (80,143,185,248)
"1308692168.2886":(476,216,719,459) (194,156,305,267) (69,142,176,249)
"1308692168.5467":(425,212,666,453) (191,160,296,265) (77,140,184,247)
"1308692168.8207":(384,212,624,452) (221,156,318,253) (75,137,183,245)
"1308692169.0826":(346,209,577,440) (212,152,305,245) (78,138,185,245)
"1308692169.3532":(322,204,540,422) (213,153,299,239) (75,143,184,252)
"1308692169.6146":(339,195,547,403) (206,148,288,230) (77,145,185,253)
"1308692169.8855":(350,188,552,390) (204,148,283,227) (79,145,186,252)
"1308692170.1531":(384,194,592,402) (222,145,299,222) (75,144,182,251)
"1308692170.4146":(410,207,635,432) (218,145,294,221) (80,142,187,249)
"1308692170.6852":(433,213,671,451) (221,145,295,219) (83,141,191,249)
"1308692170.9532":(461,211,692,442) (219,143,292,216) (80,141,184,245)
"1308692171.2147":(464,209,705,450) (225,142,294,211) (88,138,190,240)
"1308692171.4827":(477,210,704,437) (225,138,294,207) (80,138,187,245)
"1308692171.7534":(477,210,701,434) (215,139,288,212) (83,143,187,247)
"1308692172.0147":(475,208,690,423) (203,139,273,209) (81,137,185,241)
"1308692172.2827":(472,213,703,444) (201,140,273,212) (62,137,169,244)
"1308692172.5507":(485,208,691,414) (199,143,272,216) (87,141,192,246)
"1308692172.8147":(474,200,698,424) (198,146,272,220) (70,142,177,249)
"1308692173.0827":(479,199,702,422) (208,153,283,228) (73,137,180,244)
"1308692173.3506":(460,201,687,428) (213,147,288,222) (69,140,176,247)
"1308692173.6146":(469,206,698,435) (216,148,292,224) (68,134,175,241)
"1308692174.1506":(446,206,671,431) (197,151,280,234) (60,138,167,245)
"1308692174.4146":(436,204,646,414) (192,151,274,233) (69,137,176,244)
"1308692174.9506":(415,201,618,404) (187,151,273,237) (64,137,174,247)
"1308692175.2147":(379,198,577,396) (190,148,270,228) (69,139,174,244)
"1308692175.4826":(328,196,521,389) (194,151,280,237) (46,143,153,250)
"1308692175.7506":(291,191,481,381) (200,151,284,235) (37,141,144,248)
"1308692176.0147":(279,193,458,372) (217,143,294,220) (31,141,138,248)
"1308692176.2827":(273,183,438,348) (224,146,300,222) (22,143,125,246)
"1308692176.5506":(272,172,433,333) (220,150,298,228) (42,142,150,250)
"1308692176.8146":(277,179,429,331) (219,139,298,218) (49,140,158,249)
"1308692177.0827":(233,177,377,321) (173,147,321,295) (45,144,152,251)
"1308692177.3506":(222,179,361,318) (165,146,305,286) (47,142,154,249)
"1308692177.6187":(232,179,368,315) (192,145,269,222) (41,139,148,246)
"1308692177.8827":(245,178,377,310) (194,144,270,220) (39,142,148,251)
"1308692178.1506":(240,171,369,300) (202,145,277,220) (34,138,142,246)
"1308692178.4186":(253,179,377,303) (213,143,287,217) (42,142,149,249)
"1308692178.6827":(272,198,396,322) (177,142,298,263) (31,137,138,244)
"1308692178.9507":(282,263,401,382) (190,144,263,217) (38,144,145,251)
"1308692179.2186":(287,277,410,400) (172,143,244,215) (42,142,151,251)
"1308692179.4826":(284,265,411,392) (155,143,230,218) (46,141,155,250)
"1308692179.7507":(283,260,402,379) (165,149,241,225) (52,140,161,249)
"1308692180.2828":(204,169,323,288) (163,151,241,229) (57,142,163,248)
"1308692180.5506":(213,166,326,279) (182,144,259,221) (51,139,158,246)
"1308692180.8186":(237,159,343,265) (174,145,253,224) (56,143,163,250)
"1308692181.0827":(247,153,356,262) (181,146,257,222) (41,150,150,259)
"1308692181.3506":(250,154,356,260) (168,139,245,216) (32,146,141,255)
"1308692181.6186":(255,157,351,253) (162,145,240,223) (17,150,129,262)
"1308692181.8828":(257,153,353,249) (163,144,224,205) (-2,156,115,273)
"1308692182.1507":(274,151,367,244) (145,148,223,226) (10,148,128,266)
"1308692182.4187":(291,144,383,236) (153,139,229,215) (20,153,142,275)
"1308692182.6828":(293,156,384,247) (165,144,241,220) (39,144,166,271)
"1308692182.9507":(287,148,374,235) (162,142,238,218) (41,151,188,298)
"1308692183.2186":(262,146,346,230) (137,143,260,266) (39,152,175,288)
"1308692183.4828":(265,149,328,212) (141,145,217,221) (60,144,196,280)
"1308692183.7507":(255,148,335,228) (133,150,211,228) (62,150,201,289)
"1308692184.0186":(271,144,353,226) (130,149,213,232) (60,150,198,288)
"1308692184.2826":(256,147,334,225) (128,150,211,233) (73,153,207,287)
"1308692184.5507":(149,144,214,209) (81,152,220,291)
"1308692184.8226":(254,146,330,222) (155,148,238,231) (82,152,215,285)
"1308692185.0867":(247,140,321,214) (149,144,235,230) (83,152,224,293)
"1308692185.3507":(259,138,330,209) (143,156,226,239) (88,157,225,294)
"1308692185.6225":(266,140,334,208) (146,153,232,239) (83,147,221,285)
"1308692186.1507":(285,140,351,206) (162,148,247,233) (60,150,200,290)
"1308692186.4187":(274,134,339,199) (170,145,254,229) (62,163,198,299)
"1308692186.6866":(267,136,330,199) (173,147,255,229) (55,154,202,301)
"1308692186.9548":(276,140,337,201) (160,145,246,231) (55,154,195,294)
"1308692187.2187":(282,137,344,199) (135,151,257,273) (42,160,176,294)
"1308692187.4867":(271,138,332,199) (154,150,247,243) (37,165,170,298)
"1308692187.7546":(255,137,318,200) (147,151,243,247) (30,149,158,277)
"1308692188.0187":(254,133,317,196) (153,153,250,250) (23,145,160,282)
"1308692188.2869":(256,135,319,198) (187,156,283,252) (18,147,153,282)
"1308692188.5509":(265,137,307,179) (208,153,309,254) (28,147,164,283)
"1308692188.8189":(225,160,323,258) (33,146,168,281)
"1308692189.0914":(228,163,329,264) (49,142,185,278)
"1308692189.3548":(216,142,282,208) (241,171,342,272) (28,148,172,292)
"1308692189.6233":(212,143,278,209) (242,136,348,242) (44,149,186,291)
"1308692189.8908":(176,149,283,256) (245,159,350,264) (45,145,174,274)
"1308692190.1552":(178,147,286,255) (241,159,344,262) (46,143,169,266)
"1308692190.4273":(193,143,261,211) (253,164,355,266) (49,145,169,265)
"1308692190.6867":(190,142,257,209) (243,163,351,271) (56,143,174,261)
"1308692190.9561":(172,143,221,192) (249,160,360,271) (70,149,184,263)
"1308692191.2188":(166,138,233,205) (245,168,364,287) (93,143,205,255)
"1308692191.4867":(172,141,234,203) (276,175,400,299) (104,148,213,257)
"1308692191.7508":(192,140,257,205) (275,166,405,296) (117,145,222,250)
"1308692192.0231":(214,139,276,201) (273,187,405,319) (135,143,237,245)
"1308692192.2909":(225,137,291,203) (264,182,413,331) (119,146,228,255)
"1308692192.5570":(238,137,303,202) (254,189,412,347) (119,141,218,240)
"1308692193.0891":(247,135,309,197) (271,203,445,377) (125,140,222,237)
"1308692193.3507":(259,137,309,187) (295,203,483,391) (131,143,228,240)
"1308692193.6188":(269,142,334,207) (310,214,505,409) (129,138,226,235)
"1308692193.8899":(276,136,335,195) (296,208,495,407) (126,140,222,236)
"1308692194.1564":(274,140,338,204) (271,216,474,419) (132,142,225,235)
"1308692194.4231":(280,138,342,200) (238,214,457,433) (125,145,220,240)
"1308692194.6878":(266,145,317,196) (229,199,430,400) (132,144,225,237)
"1308692194.9547":(232,140,300,208) (194,198,387,391) (122,145,218,241)
"1308692195.2188":(227,144,296,213) (196,193,374,371) (120,137,216,233)
"1308692195.4872":(216,147,292,223) (156,199,337,380) (112,132,209,229)
"1308692195.7612":(185,150,263,228) (89,202,268,381) (114,137,212,235)
"1308692196.0228":(185,147,264,226) (72,194,248,370) (119,137,221,239)
"1308692196.2866":(189,151,266,228) (63,195,237,369) (111,137,208,234)
"1308692196.5597":(187,150,263,226) (65,195,245,375) (74,144,179,249)
"1308692196.8241":(209,141,281,213) (115,184,270,339) (71,153,175,257)
"1308692197.0878":(230,142,299,211) (125,182,267,324) (65,151,168,254)
"1308692197.3549":(245,142,313,210) (141,172,280,311) (72,152,176,256)
"1308692197.6231":(257,139,325,207) (145,186,285,326) (77,148,182,253)
"1308692197.8907":(263,139,331,207) (109,177,242,310) (97,141,200,244)
"1308692198.1556":(265,140,332,207) (83,176,216,309) (97,140,233,276)
"1308692198.4224":(259,147,332,220) (67,174,199,306) (123,143,219,239)
"1308692198.6909":(280,142,346,208) (44,174,174,304) (136,140,232,236)
"1308692199.2187":(6,170,134,298) (146,139,241,234)
"1308692199.4928":(264,148,333,217) (6,174,138,306) (150,143,247,240)
"1308692199.7546":(265,144,336,215) (21,183,153,315) (163,132,258,227)
"1308692200.0228":(258,142,329,213) (49,175,182,308) (159,138,259,238)
"1308692200.2867":(270,136,344,210) (97,176,229,308) (162,145,252,235)
"1308692200.5595":(263,141,338,216) (113,176,245,308) (191,139,290,238)
"1308692200.8212":(260,145,335,220) (140,179,272,311) (199,137,297,235)
"1308692201.0867":(249,145,323,219) (166,189,291,314) (209,141,306,238)
"1308692201.3545":(197,192,332,327) (195,146,295,246)
"1308692201.8892":(204,144,301,241) (249,177,373,301) (131,141,228,238)
"1308692202.1546":(227,140,302,215) (255,167,373,285) (113,141,213,241)
"1308692202.4211":(249,142,318,211) (279,157,391,269) (118,141,221,244)
"1308692202.6890":(256,138,324,206) (286,164,393,271) (109,142,212,245)
"1308692202.9546":(245,136,312,203) (313,167,423,277) (99,147,206,254)
"1308692203.2214":(241,137,304,200) (332,158,439,265) (94,142,204,252)
"1308692203.7618":(272,140,317,185) (315,158,422,265) (73,144,187,258)
"1308692204.0212":(270,140,331,201) (301,161,408,268) (72,146,185,259)
"1308692204.2891":(272,143,333,204) (297,159,402,264) (62,141,176,255)
"1308692204.5572":(281,139,343,201) (287,156,383,252) (70,144,182,256)
"1308692204.8252":(282,141,345,204) (278,158,374,254) (75,143,191,259)
"1308692205.0906":(269,160,365,256) (45,152,163,270)
"1308692205.3573":(270,150,365,245) (4,159,125,280)
"1308692205.6294":(275,155,370,250) (-43,154,82,279)
"1308692205.8866":(297,135,359,197) (282,157,373,248) (-61,165,69,295)
"1308692206.1574":(301,133,364,196) (264,159,363,258)
"1308692206.4226":(327,147,390,210) (252,158,354,260)
"1308692206.6867":(309,156,418,265) (222,160,324,262)
"1308692206.9547":(339,157,402,220) (212,152,316,256)
"1308692207.2252":(189,152,294,257)
"1308692207.4867":(340,154,405,219) (184,158,287,261)
"1308692207.7547":(309,132,371,194) (162,156,261,255)
"1308692208.0226":(269,143,345,219) (155,155,250,250)
"1308692208.2867":(259,155,320,216) (146,151,239,244)
"1308692208.5547":(262,151,323,212) (136,157,227,248)
"1308692208.8226":(128,152,215,239)
"1308692209.0866":(126,147,210,231) (-55,156,76,287)
"1308692209.3546":(260,161,335,236) (128,150,211,233) (-17,147,111,275)
"1308692209.6227":(131,148,212,229) (10,141,134,265)
"1308692209.8867":(277,149,351,223) (149,144,229,224) (18,145,142,269)
"1308692210.1547":(299,135,359,195) (167,150,245,228) (22,142,153,273)
"1308692210.4226":(289,138,364,213) (181,147,258,224) (43,140,160,257)
"1308692210.6866":(305,169,363,227) (185,142,261,218) (56,138,168,250)
"1308692210.9546":(293,180,368,255) (186,145,261,220) (71,141,187,257)
"1308692211.2226":(302,171,362,231) (190,148,266,224) (75,143,188,256)
"1308692211.4866":(299,170,358,229) (191,146,267,222) (83,139,195,251)
"1308692211.7547":(285,150,348,213) (187,143,264,220) (83,143,196,256)
"1308692212.0226":(271,137,336,202) (170,146,249,225) (83,141,195,253)
"1308692212.2867":(266,136,329,199) (150,146,232,228) (80,139,194,253)
"1308692212.5546":(272,139,335,202) (146,147,229,230) (91,132,205,246)
"1308692212.8226":(272,137,335,200) (146,146,230,230) (79,143,196,260)
"1308692213.0866":(281,135,344,198) (155,146,238,229) (75,145,183,253)
"1308692213.3547":(268,139,330,201) (164,149,248,233) (73,144,185,256)
"1308692213.6226":(285,136,346,197) (182,148,262,228) (79,143,190,254)
"1308692214.1547":(292,142,355,205) (199,154,288,243) (79,137,188,246)
"1308692214.4226":(284,138,347,201) (193,156,285,248) (72,147,183,258)
"1308692214.6906":(284,141,347,204) (198,155,292,249) (82,142,194,254)
"1308692214.9547":(287,135,353,201) (202,159,301,258) (70,146,184,260)
"1308692215.2226":(305,141,369,205) (215,158,316,259) (64,147,181,264)
"1308692215.4906":(300,139,364,203) (249,155,346,252) (80,146,194,260)
"1308692215.7546":(282,142,379,239) (260,158,361,259) (82,143,199,260)
"1308692216.0226":(256,164,363,271) (87,139,203,255)
"1308692216.8226":(234,139,299,204) (232,165,348,281) (86,141,198,253)
"1308692217.0906":(226,148,292,214) (236,168,356,288) (82,141,193,252)
"1308692217.3547":(212,150,278,216) (251,171,379,299) (82,145,194,257)
"1308692217.6227":(203,145,270,212) (272,174,404,306) (86,142,197,253)
"1308692217.8906":(212,142,279,209) (274,174,411,311) (78,137,190,249)
"1308692218.1547":(180,148,250,218) (268,183,413,328) (67,140,180,253)
"1308692218.4227":(171,150,239,218) (245,183,399,337) (74,143,188,257)
"1308692218.6906":(163,145,231,213) (211,190,370,349) (74,141,188,255)
"1308692218.9547":(165,141,233,209) (211,188,376,353) (67,142,191,266)
"1308692219.4907":(173,141,240,208) (216,193,407,384) (73,142,187,256)
"1308692219.7557":(187,141,255,209) (74,144,188,258)
"1308692220.0226":(210,140,276,206) (227,196,428,397) (76,138,187,249)
"1308692220.2906":(208,138,276,206) (231,202,424,395) (75,141,193,259)
"1308692220.5546":(214,142,283,211) (258,201,437,380) (82,142,200,260)
"1308692221.0906":(215,140,287,212) (287,183,449,345) (83,142,194,253)
"1308692221.3547":(235,143,307,215) (277,189,434,346) (84,147,202,265)
"1308692221.8906":(213,185,357,329) (78,137,189,248)
"1308692222.1547":(243,138,317,212) (191,185,331,325) (73,142,186,255)
"1308692222.4226":(94,140,188,258) (228,141,304,200) (209,181,325,313) 
"1308692222.6906":(214,140,290,216) (230,172,358,300) (78,146,191,259)
"1308692222.9587":(212,144,288,220) (255,174,375,294) (76,146,186,256)
"1308692223.4907":(178,143,254,219) (283,175,397,289) (73,144,184,255)
"1308692224.0255":(154,142,228,216) (268,158,372,262) (66,149,179,262)
"1308692224.2906":(148,140,219,211) (280,154,372,246) (76,151,186,261)
"1308692224.5586":(148,140,220,212) (272,154,369,251) (75,148,182,255)
"1308692225.0907":(164,140,236,212) (277,158,371,252) (78,145,185,252)
"1308692225.6257":(177,145,254,222) (290,155,386,251) (75,148,188,261)
"1308692225.8908":(177,143,256,222) (310,155,413,258) (77,149,190,262)
"1308692226.1586":(187,144,266,223) (321,153,425,257) (71,147,188,264)
"1308692226.6930":(221,152,304,235) (321,162,397,238) (38,154,162,278)
"1308692226.9588":(262,167,374,279) (36,159,173,296)
"1308692227.2228":(223,152,308,237) (243,165,359,281) (28,160,176,308)
"1308692227.4907":(201,148,318,265) (243,170,361,288) (15,161,174,320)
"1308692227.7587":(213,156,303,246) (268,178,389,299) (-10,172,166,348)
"1308692228.0227":(218,156,307,245) (289,178,420,309) (-54,190,137,381)
"1308692228.2942":(218,153,309,244) (288,178,420,310) (-78,205,147,430)
"1308692228.8238":(189,154,286,251) (286,177,423,314)
"1308692229.0908":(179,156,280,257) (265,190,408,333)
"1308692229.3615":(165,154,269,258) (238,189,387,338)
"1308692229.6236":(163,153,268,258) (223,186,376,339)
"1308692229.8970":(185,157,290,262) (237,189,394,346)
"1308692230.1651":(187,153,294,260) (286,197,448,359)
"1308692230.6909":(188,155,296,263) (349,194,523,368)
"1308692230.9587":(190,153,298,261) (346,213,531,398)
"1308692231.2266":(199,160,307,268) (325,223,523,421)
"1308692231.4906":(209,151,316,258) (313,229,529,445)
"1308692232.0272":(216,174,340,298) (276,235,516,475)
"1308692232.2917":(239,176,361,298) (321,251,585,515)
