"1308766744.7372":(367,169,413,215) (324,155,372,203) (488,251,609,372)
"1308766745.0013":(367,168,412,213) (324,159,372,207) (479,251,598,370)
"1308766745.2693":(357,170,402,215) (324,160,372,208) (488,251,610,373)
"1308766746.0695":(364,167,410,213) (325,153,373,201) (492,249,611,368)
"1308766746.3373":(369,169,415,215) (328,158,376,206) (484,254,607,377)
"1308766746.6070":(364,170,409,215) (328,159,376,207) (477,254,599,376)
"1308766746.8694":(369,167,415,213) (327,159,374,206) (466,252,591,377)
"1308766747.1373":(371,167,417,213) (326,157,373,204) (500,257,618,375)
"1308766747.6701":(368,163,414,209) (326,161,374,209) (476,253,600,377)
"1308766747.9373":(368,165,414,211) (327,157,374,204) (480,255,603,378)
"1308766748.2053":(368,164,415,211) (329,158,376,205) (483,254,602,373)
"1308766748.4693":(369,167,415,213) (328,159,375,206) (468,252,595,379)
"1308766748.7374":(367,165,414,212) (322,161,369,208) (491,249,612,370)
"1308766749.0053":(369,164,414,209) (325,161,371,207) (484,252,610,378)
"1308766750.0699":(368,167,413,212) (332,158,380,206) (482,254,602,374)
"1308766750.3374":(362,165,408,211) (326,155,373,202) (474,254,600,380)
"1308766751.4053":(369,165,415,211) (321,156,369,204) (470,253,592,375)
"1308766751.6693":(360,167,406,213) (328,159,376,207) (473,251,598,376)
"1308766751.9373":(361,165,406,210) (325,158,372,205) (478,248,605,375)
"1308766752.2058":(360,164,405,209) (319,157,367,205) (477,250,601,374)
"1308766752.4744":(357,165,402,210) (321,158,362,199) (472,252,599,379)
"1308766752.7373":(368,169,414,215) (329,160,370,201) (479,251,597,369)
"1308766753.0056":(368,164,413,209) (327,157,375,205) (466,250,591,375)
"1308766753.2698":(373,167,420,214) (324,158,371,205) (470,252,598,380)
"1308766753.5408":(368,165,414,211) (323,161,372,210) (481,257,608,384)
"1308766754.6053":(367,169,413,215) (320,155,368,203) (481,252,604,375)
"1308766754.8775":(320,158,368,206) (485,251,610,376)
"1308766755.1373":(369,170,414,215) (323,159,371,207) (474,259,597,382)
"1308766755.6747":(363,167,409,213) (320,161,368,209) (482,253,608,379)
"1308766756.2053":(368,168,416,216) (316,158,364,206) (484,250,610,376)
"1308766756.4748":(363,166,411,214) (323,161,372,210) (452,252,582,382)
"1308766756.7380":(364,169,413,218) (325,154,373,202) (456,244,584,372)
"1308766757.0101":(362,170,411,219) (328,160,376,208) (465,242,593,370)
"1308766757.2740":(364,168,413,217) (326,159,374,207) (463,249,591,377)
"1308766757.8102":(357,165,406,214) (328,158,377,207) (484,250,612,378)
"1308766758.0733":(358,169,405,216) (323,161,372,210) (467,254,597,384)
"1308766758.3459":(362,169,411,218) (329,161,378,210) (474,253,602,381)
"1308766758.8734":(362,167,410,215) (331,154,378,201) (484,253,612,381)
"1308766759.1374":(366,169,413,216) (326,154,371,199) (458,249,585,376)
"1308766759.4054":(373,171,421,219) (325,160,374,209) (439,257,566,384)
"1308766759.6733":(365,164,413,212) (333,156,374,197)
"1308766759.9375":(361,167,408,214) (327,157,375,205) (420,251,550,381)
"1308766760.2056":(361,166,409,214) (323,156,372,205) (418,247,549,378)
"1308766760.4794":(364,167,412,215) (319,158,367,206) (408,249,538,379)
"1308766761.0075":(366,168,414,216) (320,160,368,208) (400,253,534,387)
"1308766761.2794":(361,166,408,213) (329,159,377,207) (396,252,527,383)
"1308766761.5374":(370,166,418,214) (317,159,365,207) (390,271,522,403)
"1308766761.8054":(358,169,404,215) (321,162,369,210) (406,279,543,416)
"1308766762.0818":(364,169,411,216) (327,157,375,205) (408,293,545,430)
"1308766762.3378":(365,166,411,212) (328,157,376,205) (399,293,542,436)
"1308766762.6094":(362,170,407,215) (328,158,376,206) (385,285,530,430)
"1308766762.8845":(361,169,407,215) (327,160,375,208) (392,281,545,434)
"1308766763.1473":(362,169,409,216) (318,159,367,208) (388,284,535,431)
"1308766763.4103":(364,167,410,213) (325,158,373,206) (399,285,548,434)
"1308766763.6733":(363,165,410,212) (324,159,373,208) (400,284,549,433)
"1308766763.9372":(363,168,409,214) (324,162,372,210) (404,284,553,433)
"1308766764.2143":(360,169,406,215) (321,156,369,204) (392,286,541,435)
"1308766764.4733":(362,167,408,213) (318,157,366,205) (389,285,544,440)
"1308766764.7373":(362,168,410,216) (318,155,366,203) (407,290,567,450)
"1308766765.0053":(371,168,419,216) (319,158,367,206) (409,290,558,439)
"1308766765.2740":(482,365,731,614) (374,167,417,210) (324,158,372,206) (400,291,562,453)
"1308766765.5415":(468,367,718,617) (373,167,420,214) (322,157,370,205) (405,292,554,441)
"1308766765.8109":(366,166,413,213) (327,153,375,201) (407,286,555,434)
"1308766766.0796":(367,168,414,215) (323,155,371,203) (403,294,552,443)
"1308766766.3496":(363,167,409,213) (313,157,361,205) (413,287,562,436)
"1308766766.6206":(372,163,420,211) (329,160,377,208) (398,290,547,439)
"1308766766.8732":(367,166,414,213) (325,158,373,206) (402,283,551,432)
"1308766767.1412":(365,166,410,211) (322,153,370,201) (401,287,548,434)
"1308766767.4053":(365,167,412,214) (321,160,369,208) (403,293,552,442)
"1308766767.6744":(371,168,419,216) (323,158,371,206) (402,286,551,435)
"1308766767.9482":(370,170,417,217) (319,157,367,205) (395,282,553,440)
"1308766768.2054":(477,363,708,594) (372,171,419,218) (325,156,373,204) (403,291,551,439)
"1308766768.4771":(452,346,680,574) (377,169,424,216) (318,159,366,207) (388,283,537,432)
"1308766768.7443":(431,350,652,571) (372,170,419,217) (325,159,373,207) (393,296,549,452)
"1308766771.9413":(392,337,614,559) (368,168,415,215) (321,158,369,206) (388,282,528,422)
"1308766772.2053":(411,329,626,544) (374,169,420,215) (322,158,370,206) (377,279,516,418)
"1308766772.4733":(413,331,624,542) (369,166,416,213) (323,156,371,204) (379,267,516,404)
"1308766772.7413":(379,332,593,546) (368,169,415,216) (325,158,373,206) (386,261,517,392)
"1308766773.0057":(398,322,604,528) (367,165,414,212) (324,156,372,204) (389,246,517,374)
"1308766773.2733":(424,335,631,542) (369,168,415,214) (324,153,372,201) (395,241,515,361)
"1308766773.8053":(388,319,584,515) (372,168,419,215) (315,155,363,203) (356,240,490,374)
"1308766774.0733":(402,300,591,489) (369,168,416,215) (324,156,372,204) (365,241,481,357)
"1308766774.3413":(408,296,589,477) (368,166,414,212) (319,155,367,203) (353,238,465,350)
"1308766774.8733":(447,299,623,475) (365,165,412,212) (318,159,366,207) (360,241,474,355)
"1308766775.1413":(438,301,621,484) (367,162,414,209) (322,159,370,207) (364,235,479,350)
"1308766775.4093":(440,304,624,488) (369,169,415,215) (322,160,370,208) (362,236,477,351)
"1308766775.6733":(429,296,613,480) (362,164,409,211) (324,162,372,210) (344,235,457,348)
"1308766775.9414":(433,296,610,473) (366,168,413,215) (327,159,374,206) (347,241,458,352)
"1308766776.2093":(443,286,610,453) (366,164,413,211) (325,159,373,207) (332,236,447,351)
"1308766776.4733":(443,289,606,452) (368,165,413,210) (321,158,369,206) (335,240,451,356)
"1308766776.7413":(442,280,612,450) (375,164,421,210) (321,157,369,205) (332,240,446,354)
"1308766777.0092":(438,284,603,449) (371,167,418,214) (320,153,368,201) (342,245,460,363)
"1308766777.5413":(425,283,585,443) (371,165,418,212) (322,159,370,207) (319,237,437,355)
"1308766777.8093":(406,291,566,451) (370,170,416,216) (325,159,373,207) (313,247,427,361)
"1308766778.0733":(396,291,556,451) (370,167,417,214) (325,159,371,205) (325,241,437,353)
"1308766778.3413":(410,286,566,442) (369,166,416,213) (320,161,368,209) (331,235,449,353)
"1308766778.8734":(417,286,581,450) (369,168,416,215) (326,161,374,209) (344,232,456,344)
"1308766779.1413":(410,289,577,456) (365,166,412,213) (316,160,364,208) (357,238,473,354)
"1308766779.9413":(427,293,582,448) (367,169,413,215) (311,159,358,206) (348,240,466,358)
"1308766780.2093":(415,282,578,445) (373,164,421,212) (320,156,368,204) (344,237,459,352)
"1308766780.4733":(436,290,592,446) (368,167,415,214) (318,157,366,205) (351,238,466,353)
"1308766780.7413":(407,283,567,443) (370,164,417,211) (322,153,370,201) (337,235,450,348)
"1308766781.0093":(420,291,574,445) (366,165,413,212) (314,156,362,204) (343,240,455,352)
"1308766782.0735":(440,287,596,443) (370,167,416,213) (317,154,365,202) (346,234,458,346)
"1308766782.3416":(431,285,590,444) (370,168,415,213) (323,154,370,201) (350,242,466,358)
"1308766782.6093":(441,279,600,438) (368,166,415,213) (319,159,367,207) (351,240,465,354)
"1308766782.8773":(435,285,593,443) (370,163,416,209) (322,155,370,203) (350,237,468,355)
"1308766783.1413":(426,287,586,447) (371,166,416,211) (321,154,369,202) (355,241,472,358)
"1308766783.4093":(428,282,582,436) (370,166,417,213) (325,157,373,205) (357,237,472,352)
"1308766783.6773":(430,279,591,440) (368,168,414,214) (324,159,372,207) (358,237,470,349)
"1308766783.9415":(432,277,586,431) (367,165,415,213) (324,159,372,207) (356,236,470,350)
"1308766785.2774":(445,287,601,443) (375,167,422,214) (323,152,371,200) (344,237,459,352)
"1308766785.5414":(437,290,592,445) (366,170,412,216) (323,153,371,201) (347,236,465,354)
"1308766785.8096":(443,290,602,449) (372,167,419,214) (329,159,377,207) (350,234,465,349)
"1308766787.1415":(422,292,586,456) (370,167,417,214) (321,160,369,208) (352,231,467,346)
"1308766787.4093":(448,286,607,445) (365,168,411,214) (322,160,370,208) (343,240,459,356)
"1308766787.6773":(423,290,570,437) (369,171,416,218) (320,157,368,205) (342,237,459,354)
"1308766787.9418":(433,287,610,464) (368,169,414,215) (327,159,375,207) (342,240,454,352)
"1308766788.4784":(435,290,595,450) (373,166,420,213) (320,157,368,205) (353,244,468,359)
"1308766788.7414":(437,286,599,448) (370,162,417,209) (327,156,375,204) (354,240,469,355)
"1308766789.0094":(447,286,606,445) (370,167,418,215) (325,158,373,206) (356,238,471,353)
"1308766789.2773":(433,283,589,439) (373,169,420,216) (323,156,371,204) (345,236,458,349)
"1308766789.5450":(440,282,602,444) (369,166,414,211) (324,154,372,202) (356,239,469,352)
"1308766789.8093":(428,293,583,448) (371,160,417,206) (327,160,375,208) (355,239,470,354)
"1308766790.0811":(449,288,602,441) (361,166,406,211) (321,156,369,204) (352,234,466,348)
"1308766790.8773":(437,292,597,452) (369,164,416,211) (324,157,372,205) (357,242,471,356)
"1308766791.1413":(428,288,590,450) (372,167,419,214) (324,155,372,203) (345,241,460,356)
"1308766791.4103":(410,290,571,451) (362,162,408,208) (324,160,372,208) (353,243,462,352)
"1308766791.6773":(420,292,582,454) (370,167,417,214) (324,157,372,205) (345,236,461,352)
"1308766791.9494":(410,294,562,446) (373,172,420,219) (327,154,375,202) (355,241,468,354)
"1308766792.2093":(403,288,568,453) (371,167,418,214) (329,157,377,205) (358,240,473,355)
"1308766792.4811":(397,296,560,459) (367,166,413,212) (325,158,373,206) (341,241,453,353)
"1308766793.0094":(426,301,585,460) (368,167,415,214) (326,157,374,205) (345,237,460,352)
"1308766793.2777":(424,291,587,454) (370,169,416,215) (328,158,375,205) (352,242,468,358)
"1308766793.5453":(423,294,586,457) (368,171,415,218) (329,158,377,206) (344,236,455,347)
"1308766793.8125":(427,289,590,452) (366,166,411,211) (329,156,376,203) (342,245,457,360)
"1308766794.3453":(453,283,613,443) (376,167,423,214) (326,159,373,206) (338,236,453,351)
"1308766794.6095":(477,286,598,407) (368,168,415,215) (330,154,372,196) (358,232,469,343)
"1308766794.8783":(440,286,601,447) (361,162,406,207) (323,152,371,200) (351,239,465,353)
"1308766795.1453":(450,288,602,440) (368,169,416,217) (322,154,370,202) (352,242,464,354)
"1308766795.6773":(440,293,600,453) (356,163,403,210) (324,156,372,204) (339,233,453,347)
"1308766796.4774":(428,282,591,445) (362,167,409,214) (321,161,369,209) (347,242,466,361)
"1308766796.7453":(426,283,586,443) (365,163,411,209) (319,154,367,202) (344,234,465,355)
"1308766797.2837":(433,282,590,439) (365,166,411,212) (327,158,376,207) (360,243,478,361)
"1308766797.5511":(434,288,593,447) (365,169,412,216) (325,157,373,205) (339,249,460,370)
"1308766798.3454":(426,291,584,449) (368,166,415,213) (327,156,375,204) (353,245,470,362)
"1308766798.6093":(427,286,591,450) (366,167,412,213) (315,159,363,207) (353,244,469,360)
"1308766798.8814":(435,283,594,442) (367,169,415,217) (323,159,371,207) (357,243,474,360)
"1308766799.1522":(426,279,583,436) (367,167,414,214) (321,156,366,201) (346,242,463,359)
"1308766800.2128":(414,272,577,435) (368,171,415,218) (323,157,371,205) (347,245,462,360)
"1308766800.4775":(412,286,565,439) (369,167,417,215) (318,154,366,202) (351,245,469,363)
"1308766800.7484":(415,279,574,438) (366,165,413,212) (319,157,367,205) (344,235,462,353)
"1308766802.0820":(416,286,582,452) (370,169,417,216) (323,157,371,205) (357,240,475,358)
"1308766802.3452":(416,287,583,454) (366,164,413,211) (314,156,362,204) (356,241,467,352)
"1308766802.6202":(415,290,580,455) (364,166,410,212) (322,162,370,210) (357,240,469,352)
"1308766802.8819":(428,284,593,449) (367,166,414,213) (323,157,371,205) (361,240,478,357)
"1308766803.6773":(420,292,584,456) (365,168,413,216) (323,158,371,206) (364,239,481,356)
"1308766804.2134":(429,290,592,453) (367,165,414,212) (317,155,364,202) (372,240,490,358)
"1308766804.4773":(437,292,590,445) (365,168,411,214) (317,158,365,206) (344,246,462,364)
"1308766804.7452":(417,285,572,440) (365,165,413,213) (311,155,359,203) (355,248,469,362)
"1308766805.0170":(405,294,568,457) (365,172,413,220) (321,159,369,207) (361,240,477,356)
"1308766805.5453":(432,288,594,450) (369,172,416,219) (327,151,375,199) (350,242,468,360)
"1308766806.0773":(401,279,560,438) (371,167,419,215) (321,161,369,209) (365,239,482,356)
"1308766806.3453":(417,276,574,433) (371,169,418,216) (313,155,361,203) (365,237,484,356)
"1308766806.8773":(416,283,573,440) (366,163,413,210) (319,155,367,203) (385,235,501,351)
"1308766807.1453":(416,284,576,444) (357,165,408,216) (320,158,368,206) (376,234,482,340)
"1308766807.4133":(415,282,577,444) (365,167,413,215) (320,157,368,205) (390,246,505,361)
"1308766807.6773":(422,285,581,444) (365,169,412,216) (319,156,367,204) (411,236,533,358)
"1308766807.9453":(426,285,581,440) (364,169,411,216) (315,155,362,202) (419,243,534,358)
"1308766808.2133":(441,289,602,450) (367,167,414,214) (321,157,369,205) (425,249,545,369)
"1308766808.7454":(445,288,602,445) (367,162,414,209) (322,157,370,205) (411,246,529,364)
"1308766809.2773":(428,281,592,445) (362,171,409,218) (319,151,367,199) (411,244,531,364)
"1308766809.5453":(411,285,575,449) (360,167,408,215) (312,155,360,203) (425,239,530,344)
"1308766810.0813":(407,284,569,446) (358,170,406,218) (319,157,367,205) (417,249,532,364)
"1308766810.3453":(403,287,566,450) (364,168,411,215) (314,152,361,199) (429,245,533,349)
"1308766810.8813":(417,282,580,445) (361,165,409,213) (322,158,370,206) (430,247,547,364)
"1308766811.1453":(417,292,570,445) (367,163,415,211) (320,157,368,205) (425,253,540,368)
"1308766811.4135":(429,286,593,450) (370,167,417,214) (318,155,366,203) (421,244,536,359)
"1308766811.6813":(422,282,587,447) (361,166,409,214) (323,157,370,204) (417,246,536,365)
"1308766812.7453":(417,282,576,441) (362,168,410,216) (324,155,372,203) (410,245,528,363)
"1308766813.0133":(413,285,571,443) (366,165,410,209) (321,156,369,204) (418,245,532,359)
"1308766814.3454":(407,279,574,446) (364,171,412,219) (324,151,365,192) (367,236,520,389)
"1308766815.1453":(417,288,571,442) (365,166,413,214) (317,151,365,199) (421,244,538,361)
"1308766815.4133":(422,285,587,450) (368,169,415,216) (315,161,363,209) (423,242,538,357)
"1308766815.6813":(422,285,584,447) (370,165,415,210) (324,157,369,202) (416,242,531,357)
"1308766815.9453":(420,284,585,449) (367,172,413,218) (324,161,371,208) (420,245,527,352)
"1308766817.0133":(418,277,581,440) (372,164,419,211) (322,157,370,205) (414,242,532,360)
"1308766817.2813":(416,278,580,442) (358,162,406,210) (326,158,374,206) (406,246,525,365)
"1308766817.5453":(419,278,586,445) (363,164,408,209) (317,156,366,205) (412,243,524,355)
"1308766817.8133":(432,281,594,443) (368,172,415,219) (323,160,371,208) (401,240,520,359)
"1308766818.0813":(429,276,592,439) (363,169,411,217) (320,158,368,206) (411,240,531,360)
"1308766818.8813":(436,284,600,448) (364,170,412,218) (316,159,364,207) (407,249,516,358)
"1308766819.9493":(417,291,581,455) (361,163,413,215) (318,153,366,201) (397,248,508,359)
"1308766820.2133":(426,284,585,443) (368,169,415,216) (322,160,370,208) (414,249,530,365)
"1308766823.1493":(445,284,611,450) (354,169,400,215) (322,154,370,202) (417,247,527,357)
"1308766824.2134":(439,292,605,458) (359,167,406,214) (315,155,363,203) (408,245,518,355)
"1308766826.8857":(411,285,579,453) (358,170,404,216) (319,162,367,210) (413,252,521,360)
"1308766827.6818":(448,285,615,452) (369,164,417,212) (321,162,369,210) (410,248,530,368)
"1308766827.9502":(429,282,595,448) (367,163,415,211) (320,161,368,209) (416,247,535,366)
"1308766829.0173":(432,300,597,465) (365,164,413,212) (327,157,375,205) (398,242,506,350)
"1308766829.2879":(446,294,608,456) (370,167,417,214) (318,159,366,207) (398,247,519,368)
"1308766830.3494":(450,306,616,472) (370,164,416,210) (317,156,365,204) (409,244,527,362)
"1308766830.6177":(457,297,621,461) (370,163,416,209) (320,158,367,205) (410,248,528,366)
"1308766830.8814":(453,295,622,464) (369,167,416,214) (317,159,365,207) (408,245,524,361)
"1308766831.1545":(466,305,631,470) (363,166,410,213) (314,153,362,201) (404,251,522,369)
"1308766833.2815":(408,284,577,453) (364,165,412,213) (321,159,369,207) (411,247,527,363)
"1308766833.5497":(423,280,588,445) (367,163,414,210) (326,158,373,205) (399,243,517,361)
"1308766833.8174":(438,277,603,442) (371,164,417,210) (315,157,363,205) (411,252,527,368)
"1308766834.0813":(420,277,584,441) (364,166,412,214) (322,159,370,207) (394,249,515,370)
"1308766834.3493":(438,284,596,442) (369,169,417,217) (314,161,363,210) (413,243,532,362)
"1308766836.4854":(415,290,581,456) (361,170,410,219) (319,161,366,208) (394,247,509,362)
"1308766836.7493":(420,286,579,445) (370,170,417,217) (312,157,360,205) (390,244,539,393)
"1308766837.0172":(436,284,585,433) (351,162,399,210) (312,162,360,210) (430,248,548,366)
"1308766837.2909":(413,290,581,458) (361,168,408,215) (318,158,366,206) (427,256,545,374)
"1308766838.0904":(420,284,587,451) (358,170,412,224) (328,157,373,202) (390,242,509,361)
"1308766838.8852":(431,287,590,446) (361,167,410,216) (313,156,361,204) (364,240,471,347)
"1308766839.3896":(435,274,600,439) (363,172,408,217) (319,161,367,209) (376,232,494,350)
"1308766841.5173":(406,272,574,440) (357,166,406,215) (314,162,361,209) (363,239,469,345)
"1308766841.7853":(409,276,576,443) (361,167,413,219) (319,155,367,203) (373,245,490,362)
"1308766843.6493":(432,283,591,442) (364,168,412,216) (317,156,365,204) (394,243,499,348)
"1308766843.9174":(447,288,606,447) (358,167,410,219) (322,152,370,200) (331,240,480,389)
"1308766844.1853":(447,286,607,446) (367,166,415,214) (318,157,365,204) (386,236,501,351)
"1308766845.2533":(438,278,587,427) (368,165,415,212) (323,157,371,205) (384,245,502,363)
"1308766846.3174":(437,285,607,455) (364,165,412,213) (321,160,369,208) (373,236,490,353)
"1308766847.9173":(414,272,575,433) (367,167,414,214) (323,156,370,203) (381,240,497,356)
"1308766848.9853":(403,281,565,443) (358,169,404,215) (314,156,363,205) (371,240,487,356)
"1308766849.7853":(412,283,570,441) (366,167,412,213) (326,153,374,201) (384,240,498,354)
"1308766850.8533":(418,279,579,440) (366,170,412,216) (322,158,370,206) (380,243,496,359)
"1308766851.1174":(421,275,583,437) (365,168,411,214) (327,158,375,206) (393,243,508,358)
"1308766852.7173":(422,288,589,455) (365,164,412,211) (328,156,377,205) (388,246,499,357)
"1308766852.9853":(425,282,582,439) (370,168,416,214) (310,158,358,206) (388,237,499,348)
"1308766856.4533":(433,287,602,456) (361,168,407,214) (321,154,369,202) (383,242,495,354)
"1308766857.2535":(426,284,581,439) (368,168,415,215) (319,161,367,209) (379,239,495,355)
