"1308766858.5544":(430,277,588,435) (367,167,414,214) (328,158,376,206) (374,233,489,348)
"1308766858.8215":(426,282,585,441) (367,163,413,209) (322,157,370,205) (389,239,501,351)
"1308766859.6217":(433,282,595,444) (368,168,415,215) (320,157,368,205) (389,233,500,344)
"1308766859.8854":(441,287,600,446) (367,168,414,215) (317,157,365,205) (391,240,503,352)
"1308766860.6884":(440,281,599,440) (364,164,411,211) (319,163,367,211) (389,237,501,349)
"1308766860.9534":(440,279,599,438) (367,166,414,213) (319,158,367,206) (386,235,497,346)
"1308766861.7534":(432,277,596,441) (364,168,411,215) (316,159,364,207) (384,236,500,352)
"1308766862.0213":(433,274,592,433) (364,173,412,221) (318,156,366,204) (393,238,504,349)
"1308766862.2854":(427,274,590,437) (374,164,420,210) (318,156,366,204) (378,234,494,350)
"1308766862.5541":(429,273,587,431) (366,166,413,213) (321,152,369,200) (384,229,499,344)
"1308766862.8236":(413,270,580,437) (367,168,415,216) (320,154,368,202) (382,237,496,351)
"1308766863.6214":(421,270,581,430) (364,167,411,214) (320,162,368,210) (368,242,484,358)
"1308766864.1534":(432,276,595,439) (368,165,415,212) (323,156,371,204) (382,237,498,353)
"1308766864.6893":(457,289,614,446) (360,168,406,214) (316,155,363,202) (379,237,491,349)
"1308766865.4946":(450,275,565,390) (361,164,407,210) (317,155,365,203) (375,236,488,349)
"1308766865.7536":(413,271,576,434) (362,168,410,216) (330,154,378,202) (379,239,493,353)
"1308766866.0214":(408,275,569,436) (370,167,416,213) (319,155,367,203) (379,240,493,354)
"1308766866.2893":(383,270,542,429) (363,172,410,219) (318,152,366,200) (383,237,494,348)
"1308766866.8214":(396,275,560,439) (363,169,410,216) (323,154,370,201) (383,232,492,341)
"1308766867.0925":(404,268,564,428) (364,166,412,214) (321,160,369,208) (379,238,491,350)
"1308766867.3576":(406,277,571,442) (371,169,418,216) (320,154,368,202) (384,240,500,356)
"1308766867.6215":(422,276,578,432) (369,166,416,213) (320,159,367,206) (386,233,501,348)
"1308766867.8894":(425,278,576,429) (362,167,408,213) (323,158,371,206) (381,237,492,348)
"1308766868.1533":(426,271,593,438) (366,167,414,215) (316,152,364,200) (380,232,484,336)
"1308766868.4216":(405,275,569,439) (369,171,417,219) (323,155,371,203) (389,237,503,351)
"1308766868.6976":(421,274,587,440) (366,166,413,213) (323,157,371,205) (384,239,501,356)
"1308766868.9538":(424,270,585,431) (369,161,416,208) (317,157,365,205) (381,240,492,351)
"1308766869.2218":(420,274,588,442) (345,164,419,238) (326,163,374,211) (397,238,509,350)
"1308766869.4952":(433,281,602,450) (362,167,410,215) (325,159,373,207) (387,238,494,345)
"1308766870.8215":(472,288,589,405) (368,167,415,214) (319,157,367,205) (377,239,488,350)
"1308766871.0897":(435,283,600,448) (363,165,414,216) (320,153,368,201) (384,236,496,348)
"1308766871.3554":(425,279,593,447) (364,168,411,215) (319,156,367,204) (376,236,487,347)
"1308766871.6274":(431,291,592,452) (365,163,412,210) (320,156,368,204) (387,235,502,350)
"1308766871.8894":(430,282,594,446) (364,169,411,216) (316,153,364,201) (373,236,490,353)
"1308766873.2573":(426,284,590,448) (361,164,408,211) (319,159,367,207) (378,236,495,353)
"1308766873.5213":(425,277,589,441) (364,164,411,211) (324,157,372,205) (373,232,489,348)
"1308766873.7893":(412,281,577,446) (372,166,419,213) (326,161,374,209) (385,238,500,353)
"1308766874.0572":(418,279,585,446) (370,167,417,214) (324,157,372,205) (375,233,493,351)
"1308766875.3893":(422,275,583,436) (370,167,417,214) (320,158,368,206) (388,236,499,347)
"1308766875.6612":(428,285,587,444) (360,168,407,215) (316,158,364,206) (372,240,490,358)
"1308766875.9213":(425,273,590,438) (368,166,415,213) (317,156,365,204) (379,234,493,348)
"1308766876.1892":(426,281,585,440) (367,167,415,215) (322,154,370,202) (382,237,494,349)
"1308766876.4572":(421,282,584,445) (364,164,412,212) (321,158,369,206) (380,242,496,358)
"1308766876.7213":(436,282,595,441) (363,168,410,215) (320,154,368,202) (382,237,494,349)
"1308766876.9893":(421,277,582,438) (371,168,419,216) (324,156,372,204) (381,238,493,350)
"1308766877.2700":(417,281,578,442) (367,166,416,215) (319,157,367,205) (386,243,498,355)
"1308766877.5213":(423,281,581,439) (367,166,414,213) (322,155,370,203) (390,239,506,355)
"1308766877.7893":(423,279,589,445) (369,168,416,215) (326,156,374,204) (377,233,494,350)
"1308766878.0573":(443,276,603,436) (360,164,407,211) (314,156,362,204) (394,233,505,344)
"1308766878.8573":(412,287,569,444) (357,167,404,214) (318,155,366,203) (376,229,490,343)
"1308766879.1213":(420,277,578,435) (361,163,409,211) (321,153,369,201) (375,238,486,349)
"1308766879.3893":(423,282,585,444) (360,165,406,211) (323,158,370,205) (386,243,500,357)
"1308766880.1894":(424,282,592,450) (366,167,413,214) (319,161,367,209) (378,236,494,352)
"1308766880.4573":(423,275,590,442) (363,167,411,215) (318,153,366,201) (377,241,489,353)
"1308766880.9896":(401,282,564,445) (353,163,405,215) (313,159,362,208) (399,238,511,350)
"1308766881.2573":(410,280,573,443) (368,163,415,210) (324,158,373,207) (386,241,491,346)
"1308766881.5253":(422,276,577,431) (360,163,407,210) (317,158,365,206) (384,241,496,353)
"1308766881.7893":(419,273,587,441) (367,169,414,216) (317,153,365,201) (375,241,493,359)
"1308766882.0573":(419,283,587,451) (360,167,407,214) (319,160,367,208) (386,239,497,350)
"1308766882.3253":(424,289,592,457) (368,166,415,213) (326,156,374,204) (375,232,489,346)
"1308766882.5894":(429,284,597,452) (363,171,409,217) (306,158,380,232) (381,242,499,360)
"1308766934.0653":(439,289,596,446) (368,170,416,218) (320,157,368,205) (386,243,497,354)
"1308766934.3334":(426,282,587,443) (369,166,415,212) (322,159,370,207) (386,242,497,353)
"1308766934.5976":(429,284,589,444) (368,166,416,214) (324,153,372,201) (393,241,504,352)
"1308766935.3975":(430,288,586,444) (368,170,416,218) (318,156,366,204) (387,237,498,348)
"1308766935.6660":(424,277,591,444) (368,160,415,207) (320,161,368,209) (382,237,493,348)
"1308766936.7334":(444,283,604,443) (364,168,411,215) (321,156,369,204) (390,236,501,347)
"1308766937.5365":(435,282,603,450) (375,168,422,215) (323,156,371,204) (388,232,491,335)
"1308766937.7974":(440,287,605,452) (362,166,409,213) (325,162,373,210) (383,234,495,346)
"1308766938.0692":(443,293,614,464) (368,166,416,214) (327,157,375,205) (397,239,501,343)
"1308766939.4033":(437,286,601,450) (353,170,401,218) (317,153,365,201) (383,241,492,350)
"1308766939.6654":(444,284,614,454) (357,171,404,218) (320,152,368,200) (392,238,497,343)
"1308766939.9334":(426,282,594,450) (356,170,404,218) (324,159,372,207) (390,239,499,348)
"1308766940.1975":(423,284,594,455) (363,171,411,219) (324,156,372,204) (377,237,489,349)
"1308766941.2654":(425,288,595,458) (362,167,409,214) (318,157,366,205) (396,239,507,350)
"1308766941.5421":(431,289,594,452) (363,168,410,215) (329,159,377,207) (390,248,497,355)
"1308766942.5973":(455,287,618,450) (372,168,419,215) (326,158,374,206) (389,240,498,349)
"1308766942.8653":(486,292,602,408) (370,164,418,212) (326,157,374,205) (397,243,510,356)
"1308766943.6719":(473,294,630,451) (369,170,416,217) (324,155,372,203) (397,241,504,348)
"1308766943.9334":(367,164,414,211) (329,155,377,203) (400,241,515,356)
"1308766944.2135":(449,277,612,440) (361,167,409,215) (323,157,371,205) (410,240,484,314)
"1308766944.4660":(435,292,599,456) (368,166,413,211) (326,154,374,202) (390,236,505,351)
"1308766946.8654":(442,276,600,434) (359,169,406,216) (330,160,378,208) (384,237,499,352)
"1308766948.2064":(419,285,588,454) (363,167,410,214) (329,154,377,202) (374,239,489,354)
"1308766951.4013":(435,291,594,450) (360,170,408,218) (325,156,373,204) (385,238,496,349)
"1308766952.2014":(422,290,588,456) (367,167,415,215) (323,157,371,205) (391,231,507,347)
"1308766953.0013":(432,286,592,446) (369,170,416,217) (329,157,377,205) (382,238,493,349)
"1308766953.8013":(438,288,604,454) (366,171,412,217) (330,154,378,202) (383,235,498,350)
"1308766955.6693":(438,280,594,436) (361,168,409,216) (324,158,372,206) (398,242,516,360)
"1308766955.9334":(441,285,598,442) (357,175,405,223) (330,161,378,209) (418,247,525,354)
"1308766957.0014":(438,293,605,460) (364,168,411,215) (322,157,370,205) (440,254,558,372)
"1308766957.2693":(439,287,607,455) (368,171,416,219) (329,158,377,206) (423,252,541,370)
"1308766957.8030":(427,291,594,458) (358,170,404,216) (324,155,372,203) (402,244,519,361)
"1308766958.6014":(435,287,596,448) (356,169,403,216) (328,159,376,207) (405,242,523,360)
"1308766959.4014":(437,284,596,443) (368,169,415,216) (324,158,372,206) (416,248,534,366)
"1308766959.6694":(439,287,602,450) (370,169,417,216) (322,157,370,205) (428,245,546,363)
"1308766959.9334":(444,284,603,443) (368,169,413,214) (332,161,380,209) (413,247,531,365)
"1308766961.2693":(437,286,603,452) (364,166,410,212) (319,158,367,206) (414,244,521,351)
"1308766961.5373":(429,283,592,446) (366,164,413,211) (317,158,365,206) (414,240,532,358)
"1308766962.3373":(452,283,612,443) (364,168,411,215) (314,158,361,205) (433,250,555,372)
"1308766962.6034":(425,283,590,448) (368,166,415,213) (314,159,362,207) (426,241,544,359)
"1308766964.7375":(413,271,576,434) (361,164,408,211) (317,158,365,206) (398,233,518,353)
"1308766965.0074":(424,283,588,447) (370,170,415,215) (310,156,358,204) (413,246,532,365)
"1308766965.2694":(410,291,580,461) (365,169,412,216) (318,155,366,203) (-78,229,155,462) (423,244,545,366)
"1308766965.5375":(436,288,607,459) (366,163,409,206) (317,155,365,203) (34,232,262,460) (421,248,533,360)
"1308766965.8067":(458,295,626,463) (366,162,414,210) (316,155,364,203) (132,220,348,436) (422,244,540,362)
"1308766966.0694":(482,297,646,461) (367,167,412,212) (322,158,370,206) (199,223,413,437) (410,248,530,368)
"1308766966.3373":(530,282,691,443) (366,168,413,215) (324,151,372,199) (274,227,507,460) (418,255,536,373)
"1308766966.6061":(549,270,716,437) (371,165,416,210) (318,158,366,206) (291,240,534,483) (419,245,529,355)
"1308766967.4034":(516,223,676,383) (365,166,412,213) (322,157,370,205) (316,231,546,461)
"1308766967.6694":(500,217,672,389) (372,166,420,214) (314,159,362,207) (324,234,536,446)
"1308766967.9374":(497,200,658,361) (369,165,417,213) (320,155,368,203) (324,239,560,475)
"1308766968.2056":(471,183,640,352) (370,167,417,214) (323,157,371,205) (323,250,587,514)
"1308766968.4742":(435,180,611,356) (366,163,412,209) (320,154,368,202) (323,252,614,543)
"1308766968.7382":(425,179,604,358) (362,167,409,214) (316,156,364,204) (310,247,612,549)
