"1308948658.0857":(380,191,441,252) (325,155,373,203) (7,346,181,520) (378,168,426,216)
"1308948658.3585":(380,192,442,254) (326,155,374,203) (4,356,186,538) (380,167,423,210)
"1308948658.6203":(378,196,441,259) (322,154,370,202) (382,166,427,211)
"1308948658.8886":(381,188,443,250) (321,164,369,212) (378,163,426,211)
"1308948659.1558":(377,186,439,248) (321,149,368,196) (384,165,426,207)
"1308948659.4194":(375,186,437,248) (325,152,373,200) (378,167,420,209)
"1308948659.6848":(380,189,442,251) (330,157,378,205) (381,165,427,211)
"1308948659.9569":(380,191,441,252) (328,153,375,200) (379,163,427,211)
"1308948660.2193":(377,189,439,251) (330,153,378,201) (376,166,424,214)
"1308948660.4873":(382,189,443,250) (323,153,370,200) (379,162,422,205)
"1308948660.7527":(387,188,448,249) (328,154,375,201) (376,171,424,219)
"1308948661.0194":(380,187,441,248) (327,158,374,205) (381,163,423,205)
"1308948661.2873":(378,186,439,247) (330,151,377,198) (375,165,418,208)
"1308948661.5553":(379,188,440,249) (329,157,377,205) (374,166,422,214)
"1308948661.8194":(381,189,442,250) (323,155,370,202) (373,162,421,210)
"1308948662.0881":(381,189,441,249) (328,155,376,203) (372,169,420,217)
"1308948662.3557":(384,187,444,247) (329,162,376,209) (376,168,424,216)
"1308948662.6169":(383,187,444,248) (332,157,375,200) (380,160,427,207)
"1308948662.8875":(382,188,443,249) (325,151,373,199) (371,163,418,210)
"1308948663.1581":(382,184,443,245) (326,157,373,204) (375,158,423,206)
"1308948663.4170":(377,183,438,244) (328,159,375,206) (369,163,417,211)
"1308948663.6874":(378,186,441,249) (327,162,374,209) (377,168,422,213)
"1308948663.9554":(379,182,440,243) (331,151,378,198) (382,159,424,201)
"1308948664.2234":(380,185,440,245) (325,154,373,202) (375,165,423,213)
"1308948664.4857":(388,185,449,246) (335,155,382,202) (382,165,430,213)
"1308948664.7554":(377,185,439,247) (329,156,377,204) (377,161,426,210)
"1308948665.0271":(373,187,434,248) (319,150,367,198) (376,165,424,213)
"1308948665.2849":(369,187,430,248) (326,155,372,201) (378,166,420,208)
"1308948665.5529":(382,183,443,244) (316,151,363,198) (378,162,419,203)
"1308948665.8235":(378,186,438,246) (328,153,375,200) (373,162,419,208)
"1308948666.0848":(378,188,439,249) (323,153,370,200) (374,164,416,206)
"1308948666.3529":(377,183,438,244) (326,153,374,201) (374,166,416,208)
"1308948666.6208":(373,182,434,243) (326,156,373,203) (380,165,423,208)
"1308948666.8849":(378,188,441,251) (324,159,372,207) (378,157,423,202)
"1308948667.1529":(377,187,438,248) (326,154,373,201) (372,164,417,209)
"1308948667.4209":(374,185,437,248) (330,156,378,204) (373,167,417,211)
"1308948667.6848":(382,183,443,244) (328,150,376,198) (376,164,421,209)
"1308948667.9528":(379,187,440,248) (320,162,367,209) (377,164,422,209)
"1308948668.2208":(378,187,440,249) (328,154,376,202) (375,164,422,211)
"1308948668.4850":(377,184,438,245) (325,156,373,204) (376,163,425,212)
"1308948668.7531":(379,191,440,252) (325,158,372,205) (377,164,418,205)
"1308948669.0208":(382,185,443,246) (328,155,375,202) (380,161,421,202)
"1308948669.2849":(379,191,439,251) (330,157,377,204) (373,160,416,203)
"1308948669.5529":(381,187,442,248) (322,158,370,206) (380,162,428,210)
