"1308610883.3300":(258,140,316,198) (193,152,254,213)
"1308610883.5979":(252,133,310,191) (191,148,253,210)
"1308610883.8660":(262,132,320,190) (194,149,256,211)
"1308610884.1302":(256,129,314,187) (203,156,264,217)
"1308610884.3980":(190,146,251,207)
"1308610884.6660":(257,134,315,192) (197,149,259,211)
"1308610884.9300":(254,135,312,193) (198,149,259,210)
"1308610885.1980":(262,131,320,189) (189,150,251,212)
"1308610885.4659":(256,133,314,191) (195,150,257,212)
"1308610885.9979":(252,131,311,190) (195,151,257,213)
"1308610886.2660":(248,133,305,190) (195,146,257,208)
"1308610886.5300":(248,133,307,192) (196,148,259,211)
"1308610886.7980":(237,136,298,197) (184,152,250,218)
"1308610887.0660":(240,136,302,198) (176,151,241,216)
"1308610887.3300":(248,138,313,203) (184,154,251,221)
"1308610887.5980":(239,143,305,209) (181,158,252,229)
"1308610887.8660":(233,143,303,213) (174,154,250,230)
"1308610888.1301":(229,147,302,220) (165,163,245,243)
"1308610888.3980":(239,141,319,221) (147,167,233,253)
"1308610888.6662":(232,149,317,234) (152,174,241,263)
"1308610888.9300":(217,154,311,248) (145,177,243,275)
"1308610889.2033":(229,158,330,259) (133,187,241,295)
"1308610889.4660":(232,162,343,273) (120,192,235,307)
"1308610889.7340":(225,162,344,281) (114,201,245,332)
"1308610890.0027":(213,168,344,299) (91,215,237,361)
"1308610890.2661":(226,179,373,326) (65,221,231,387)
"1308610890.5340":(251,185,415,349) (53,241,236,424)
"1308610890.7981":(250,191,433,374) (44,263,251,470)
"1308610891.0660":(232,199,437,404) (23,282,251,510)
"1308610891.3375":(215,218,438,441) (-12,301,252,565)
"1308610891.5980":(238,227,489,478) (-56,318,243,617)
"1308610891.8660":(225,245,505,525) (-78,336,221,635)
"1308610892.1342":(253,228,520,495) (-94,337,188,619)
"1308610892.3985":(250,229,525,504) (-77,320,212,609)
"1308610892.6660":(280,233,538,491) (-48,306,237,591)
"1308610892.9380":(261,222,499,460) (-13,294,264,571)
"1308610893.1981":(244,212,463,431) (-6,279,245,530)
"1308610893.4662":(247,206,448,407)
"1308610893.7340":(249,189,430,370) (29,235,225,431)
"1308610894.0020":(244,181,411,348) (81,217,249,385)
"1308610894.2706":(217,186,372,341) (78,216,230,368)
"1308610894.5340":(208,173,346,311) (94,197,227,330)
"1308610894.7981":(217,168,345,296) (111,189,231,309)
"1308610895.0700":(237,155,353,271) (132,182,240,290)
"1308610895.3392":(237,157,342,262) (141,177,240,276)
"1308610895.6013":(226,151,323,248) (146,169,238,261)
"1308610895.8660":(241,147,331,237) (156,168,242,254)
"1308610896.1394":(251,135,333,217) (168,161,246,239)
"1308610896.4039":(236,139,313,216) (174,159,250,235)
"1308610896.6661":(233,139,306,212) (179,150,250,221)
"1308610896.9341":(242,140,311,209) (187,153,254,220)
"1308610897.2067":(244,136,310,202) (200,150,265,215)
"1308610897.4662":(255,143,319,207) (206,151,269,214)
"1308610897.7396":(261,133,323,195) (209,148,269,208)
"1308610898.0043":(279,139,338,198) (227,150,282,205)
"1308610898.2730":(278,133,336,191) (231,151,289,209)
"1308610898.5400":(280,132,335,187) (244,146,301,203)
"1308610898.8402":(289,129,344,184) (246,149,301,204)
"1308610899.1083":(298,133,350,185) (256,148,311,203)
"1308610899.3663":(308,127,359,178) (265,143,318,196) (-46,161,62,269)
"1308610899.6420":(321,130,372,181) (263,146,315,198) (-31,149,66,246)
"1308610899.9061":(330,127,382,179) (260,146,311,197) (-10,135,82,227)
"1308610900.1670":(336,127,389,180) (263,145,313,195) (-10,131,76,217)
"1308610900.4341":(338,128,387,177) (269,142,320,193) (17,134,100,217)
"1308610900.7071":(336,125,387,176) (265,140,316,191) (61,137,140,216)
"1308610900.9678":(337,131,388,182) (269,142,319,192) (104,140,178,214)
"1308610901.2341":(341,125,390,174) (262,139,312,189) (126,140,199,213)
"1308610901.5021":(354,130,405,181) (252,139,317,204) (131,145,201,215)
"1308610901.7660":(352,128,403,179) (262,140,312,190) (138,146,206,214)
"1308610902.0341":(265,141,315,191) (149,140,214,205)
"1308610902.3070":(355,127,406,178) (268,146,318,196) (172,138,233,199)
"1308610902.5704":(350,128,401,179) (260,146,310,196) (181,133,244,196)
"1308610902.8395":(268,144,319,195) (204,130,265,191)
"1308610903.1084":(277,140,329,192) (216,123,277,184)
"1308610903.3660":(343,131,394,182) (272,152,326,206) (210,127,270,187)
"1308610903.6386":(342,127,391,176) (264,150,321,207) (204,131,259,186)
"1308610903.9020":(336,129,386,179) (260,154,320,214) (190,125,256,191)
"1308610904.1660":(330,127,381,178) (254,148,318,212) (190,133,257,200)
"1308610904.4339":(330,134,382,186) (257,157,324,224) (190,128,260,198)
"1308610904.7020":(337,136,389,188) (259,158,330,229) (188,132,261,205)
"1308610904.9659":(337,136,390,189) (248,164,324,240) (179,134,256,211)
"1308610905.2339":(340,136,393,189) (250,166,330,246) (172,135,254,217)
"1308610905.5019":(340,135,392,187) (246,174,332,260) (178,140,265,227)
"1308610905.7684":(355,140,408,193) (243,177,335,269) (162,136,256,230)
"1308610906.0339":(370,138,424,192) (239,177,338,276) (145,143,242,240)
"1308610906.3018":(368,137,423,192) (249,187,358,296) (122,146,227,251)
"1308610906.5683":(372,136,428,192) (233,204,352,323) (117,155,235,273)
"1308610906.8365":(226,205,360,339) (104,157,236,289)
"1308610907.1019":(372,132,427,187) (244,225,391,372) (82,163,230,311)
"1308610907.3699":(368,133,422,187) (248,231,420,403) (37,169,206,338)
"1308610907.6365":(370,133,425,188) (238,255,425,442) (11,172,197,358)
"1308610907.9043":(371,137,424,190) (218,258,440,480) (35,185,238,388)
"1308610908.1699":(364,136,419,191) (223,280,462,519) (24,193,257,426)
"1308610908.4364":(362,135,417,190) (226,292,490,556) (23,195,262,434)
"1308610908.7044":(374,134,427,187) (234,302,516,584) (6,202,290,486)
"1308610908.9779":(228,306,518,596) (8,218,322,532)
"1308610909.2364":(360,136,413,189) (253,290,509,546) (5,215,301,511)
"1308610909.5019":(363,139,415,191) (258,288,507,537) (2,203,264,465)
"1308610909.7724":(365,130,419,184) (233,272,460,499) (-12,186,229,427)
"1308610910.0341":(366,137,419,190) (194,251,401,458) (13,183,224,394)
"1308610910.3052":(363,129,415,181) (208,238,399,429) (29,170,213,354)
"1308610910.5723":(362,130,414,182) (225,221,383,379) (77,163,239,325)
"1308610910.8340":(368,132,422,186) (229,209,370,350) (80,159,226,305)
"1308610911.1045":(358,131,412,185) (220,199,348,327) (90,144,220,274)
"1308610911.3699":(364,135,418,189) (227,190,338,301) (127,147,245,265)
"1308610911.6340":(363,131,417,185) (241,174,347,280) (150,141,257,248)
"1308610911.9020":(363,128,417,182) (249,175,329,255) (146,142,243,239)
"1308610912.1724":(363,130,417,184) (233,166,319,252) (150,136,242,228)
"1308610912.4340":(357,130,412,185) (246,168,329,251) (159,135,245,221)
"1308610912.7020":(358,131,411,184) (265,161,308,204) (184,135,264,215)
"1308610912.9699":(363,132,416,185) (253,159,324,230) (184,133,260,209)
"1308610913.2340":(361,130,415,184) (248,155,317,224) (180,129,252,201)
"1308610913.5020":(363,130,417,184) (252,148,318,214) (181,129,250,198)
"1308610913.7699":(363,128,416,181) (262,147,323,208) (193,130,259,196)
"1308610914.0340":(361,130,415,184) (267,149,326,208) (209,128,273,192)
"1308610914.3020":(362,131,416,185) (269,150,329,210) (211,125,273,187)
"1308610914.5700":(361,129,414,182) (273,149,332,208) (225,128,287,190)
"1308610914.8340":(361,128,414,181) (283,152,344,213) (229,125,287,183)
"1308610915.3700":(326,130,385,189) (319,157,369,207) (224,127,282,185)
"1308610915.6340":(318,134,369,185) (342,149,402,209) (224,123,282,181)
"1308610915.9020":(233,126,290,183)
"1308610916.1700":(284,133,336,185) (362,149,424,211) (221,126,279,184)
"1308610916.4379":(265,135,320,190) (369,149,430,210) (211,131,269,189)
"1308610916.7021":(258,133,315,190) (368,146,431,209) (201,128,262,189)
"1308610916.9699":(256,135,314,193) (376,149,438,211) (200,129,263,192)
"1308610917.2380":(255,139,316,200) (375,149,437,211) (197,129,262,194)
"1308610917.5020":(251,140,314,203) (381,150,444,213) (195,125,263,193)
"1308610917.7701":(243,145,309,211) (186,135,259,208)
"1308610918.0381":(238,144,308,214) (171,136,247,212)
"1308610918.3020":(245,145,321,221) (388,156,451,219) (173,136,255,218)
"1308610918.5699":(237,149,318,230) (385,151,447,213) (172,139,258,225)
"1308610918.8379":(234,151,321,238) (388,152,451,215) (168,142,262,236)
"1308610919.1020":(227,156,322,251) (384,149,447,212) (144,146,245,247)
"1308610919.3699":(236,159,337,260) (384,149,448,213) (128,141,235,248)
"1308610919.6379":(213,163,327,277) (385,154,452,221) (123,155,240,272)
"1308610919.9019":(204,167,331,294) (390,149,453,212) (106,155,241,290)
"1308610920.1699":(204,171,343,310) (388,153,451,216) (71,161,227,317)
"1308610920.4379":(234,180,387,333) (396,152,460,216) (28,170,195,337)
"1308610920.7020":(238,188,408,358) (393,151,456,214) (18,173,203,358)
"1308610920.9700":(211,202,402,393) (386,151,449,214) (14,179,223,388)
"1308610921.2379":(208,214,417,423) (385,154,447,216) (7,188,239,420)
"1308610921.5020":(226,226,462,462) (391,151,451,211) (-11,198,243,452)
"1308610921.7700":(232,220,491,479) (386,150,448,212) (-14,205,269,488)
