"1308766972.4055":(322,156,370,204) (419,164,568,313)
"1308766972.6694":(318,155,366,203) (432,169,580,317) (368,164,413,209)
"1308766972.9374":(320,156,368,204) (442,168,593,319) (369,166,414,211)
"1308766973.2054":(317,152,365,200) (458,167,613,322) (366,162,412,208)
"1308766973.4694":(323,155,371,203) (470,172,624,326) (365,164,412,211)
"1308766973.7377":(317,154,365,202) (477,173,633,329) (358,165,405,212)
"1308766974.0055":(321,154,369,202) (463,165,622,324) (371,161,418,208)
"1308766974.2695":(326,159,374,207) (448,169,607,328) (370,162,417,209)
"1308766974.5432":(321,159,369,207) (444,163,603,322) (374,163,421,210)
"1308766974.8093":(491,228,628,365)
"1308766975.0698":(501,198,631,328) (427,162,591,326)
"1308766975.3374":(502,184,639,321) (435,163,592,320)
"1308766975.6055":(499,182,646,329) (327,156,375,204) (421,161,587,327)
"1308766975.8751":(503,181,662,340) (324,152,372,200) (412,162,572,322) (371,162,418,209)
"1308766976.1425":(515,196,693,374) (316,158,364,206) (402,159,560,317) (370,164,418,212)
"1308766976.4054":(523,195,715,387) (324,152,372,200) (392,155,545,308) (371,162,418,209)
"1308766976.6753":(502,199,703,400) (319,151,367,199) (387,152,538,303) (371,165,418,212)
"1308766976.9435":(438,219,653,434) (322,156,370,204) (376,151,527,302) (369,164,416,211)
"1308766977.2125":(369,214,598,443) (323,158,371,206) (339,158,493,312)
"1308766977.4752":(315,233,562,480) (320,154,368,202) (315,162,468,315)
"1308766977.7373":(268,252,602,586) (266,158,431,323) (372,165,419,212)
"1308766978.0055":(269,279,588,598) (236,166,397,327) (376,163,423,210)
"1308766978.2733":(218,275,605,662) (317,155,367,205) (219,173,388,342) (370,165,418,213)
"1308766978.5373":(215,268,605,658) (326,153,374,201) (187,169,372,354) (373,165,420,212)
"1308766978.8094":(273,262,611,600) (320,157,368,205) (182,170,378,366) (374,165,420,211)
"1308766979.0734":(243,278,612,647) (151,180,352,381)
"1308766979.3413":(257,255,580,578) (330,155,378,203) (129,182,331,384) (372,165,419,212)
"1308766979.6123":(281,256,645,620) (332,156,380,204) (108,172,315,379) (368,160,416,208)
"1308766979.8772":(280,259,595,574) (327,155,375,203) (104,175,314,385) (372,165,418,211)
"1308766980.1373":(262,260,619,617) (326,155,374,203) (91,175,316,400) (372,165,419,212)
"1308766980.4127":(292,272,646,626) (327,150,375,198) (108,175,331,398) (370,165,417,212)
"1308766980.6734":(294,261,637,604) (327,152,375,200) (147,174,368,395) (369,161,417,209)
"1308766980.9375":(261,253,628,620) (327,154,375,202) (189,181,412,404) (377,166,424,213)
"1308766981.2053":(261,263,625,627) (327,148,375,196) (236,184,441,389) (368,161,416,209)
"1308766981.4733":(313,264,642,593) (326,157,375,206) (240,186,441,387) (369,164,417,212)
"1308766981.7373":(324,267,643,586) (323,150,371,198) (208,178,412,382) (369,167,416,214)
"1308766982.0073":(293,262,626,595) (243,177,444,378) (374,165,423,214)
"1308766982.2734":(281,259,645,623) (248,177,431,360) (363,164,410,211)
"1308766982.5374":(265,255,607,597) (243,169,433,359) (368,165,415,212)
"1308766982.8053":(292,274,614,596) (258,176,458,376)
"1308766983.0775":(292,264,610,582) (325,157,373,205) (292,177,487,372)
"1308766983.3373":(257,259,606,608) (324,154,372,202) (307,186,522,401)
"1308766983.6053":(249,260,597,608) (330,156,378,204) (302,188,527,413)
"1308766983.8734":(276,262,583,569) (330,156,378,204)
"1308766984.1374":(191,272,496,577) (327,154,375,202) (314,190,529,405) (370,163,418,211)
"1308766984.4054":(124,235,388,499) (329,150,377,198) (300,186,511,397)
"1308766984.6734":(102,230,357,485) (328,155,376,203) (283,180,483,380)
"1308766984.9374":(49,244,303,498) (235,172,422,359) (366,161,413,208)
"1308766985.2053":(-9,229,229,467) (214,174,407,367) (374,160,422,208)
"1308766985.4733":(-52,226,178,456) (325,155,373,203) (177,166,363,352) (372,165,419,212)
"1308766985.7374":(324,157,372,205) (150,173,341,364) (377,164,424,211)
"1308766986.0053":(-85,224,127,436) (329,151,377,199) (121,171,301,351) (371,157,417,203)
"1308766987.3374":(323,153,371,201) (142,159,294,311) (375,160,422,207)
"1308766987.6054":(-68,180,88,336) (150,146,298,294)
"1308766987.8733":(-36,182,133,351) (118,154,266,302)
"1308766988.1413":(-11,191,155,357) (333,154,381,202) (114,151,262,299) (369,160,416,207)
"1308766988.4084":(41,184,209,352) (330,155,378,203) (122,164,268,310) (371,160,418,207)
"1308766988.6734":(67,185,236,354) (333,148,381,196) (143,161,291,309) (372,156,420,204)
"1308766988.9413":(73,179,237,343) (325,148,372,195) (135,144,266,275) (372,163,419,210)
"1308766989.2054":(94,171,254,331)
"1308766989.4734":(107,167,270,330) (174,148,313,287)
"1308766989.7414":(103,174,269,340) (329,153,376,200) (152,139,301,288) (367,155,415,203)
"1308766990.0054":(100,175,255,330) (320,149,367,196) (168,147,307,286) (372,156,420,204)
"1308766990.2734":(55,170,202,317) (323,150,370,197) (152,159,288,295) (364,158,411,205)
"1308766990.5490":(49,160,190,301) (321,142,369,190) (148,144,283,279) (369,158,416,205)
"1308766990.8054":(56,162,193,299) (318,148,365,195) (143,134,272,263) (363,157,410,204)
"1308766992.1414":(58,137,175,254) (159,135,282,258)
"1308766992.4054":(59,134,172,247) (163,117,280,234)
"1308766992.6735":(70,133,181,244) (158,141,272,255)
"1308766992.9413":(44,125,154,235) (315,148,363,196) (145,142,261,258)
"1308766993.2054":(65,137,177,249) (324,145,371,192) (153,128,267,242) (362,154,409,201)
"1308766993.4734":(70,146,181,257) (319,141,367,189) (135,134,249,248) (357,152,404,199)
"1308766993.7416":(48,134,161,247) (305,137,352,184) (168,127,277,236) (360,150,406,196)
"1308766994.0103":(42,138,152,248) (319,142,367,190) (177,128,291,242) (361,145,408,192)
"1308766994.2734":(57,139,167,249) (315,134,363,182) (162,129,274,241) (364,153,417,206)
"1308766994.5414":(70,143,177,250) (148,121,262,235) (324,155,367,203) (380,171,417,206)
"1308766995.0734":(115,156,194,250) (169,144,261,251) (324,155,367,203) (380,171,417,206)
"1308766995.6054":(142,131,206,245) (173,143,269,263) (321,151,367,197) (380,164,415,212)
"1308766995.8778":(147,140,236,229) (165,127,273,235) (315,158,367,206) (380,172,409,204)
"1308766996.1414":(146,132,232,218) (209,110,311,212) (325,156,371,198) (386,164,416,206)
"1308766996.4093":(178,128,260,210) (315,136,363,184) (217,120,315,218) (366,154,414,202)
"1308766996.6734":(305,139,352,186) (221,118,315,212) (359,153,406,200)
"1308766996.9413":(305,138,353,186) (221,122,310,211) (372,150,419,197)
"1308766998.0094":(319,140,367,188) (232,114,305,187) (364,157,412,205)
"1308767000.4094":(236,118,301,183)
"1308767000.6734":(211,120,270,179)
"1308767000.9414":(211,125,271,185) (329,143,377,191) (235,117,301,183) (366,160,413,207)
"1308767001.2094":(198,121,259,182) (329,141,377,189) (237,119,303,185)
"1308767001.4747":(188,116,249,177) (327,142,375,190) (259,113,324,178)
"1308767001.7414":(196,120,258,182) (334,146,382,194) (244,121,310,187) (362,151,408,197)
"1308767002.0133":(196,118,260,182) (328,141,376,189) (248,113,316,181) (369,162,417,210)
"1308767003.3415":(181,124,256,199) (311,136,359,184) (231,112,308,189) (372,148,419,195)
"1308767003.6110":(168,128,244,204) (326,143,374,191) (236,124,314,202) (367,154,412,199)
"1308767003.8776":(176,127,254,205) (333,139,381,187) (224,112,305,193) (370,151,417,198)
"1308767004.1414":(164,129,242,207) (325,142,373,190) (214,117,296,199) (367,153,414,200)
"1308767004.4094":(175,127,255,207) (323,138,371,186) (234,107,319,192) (371,144,418,191)
"1308767005.7414":(148,131,240,223) (315,140,363,188) (211,126,304,219) (362,149,409,196)
"1308767006.0110":(107,134,203,230) (322,146,371,195) (187,120,284,217) (371,155,416,200)
"1308767006.2774":(103,141,203,241) (326,147,374,195) (193,128,292,227) (358,156,432,230)
"1308767006.5457":(79,151,182,254) (318,145,366,193) (173,127,275,229) (360,154,408,202)
"1308767006.8156":(116,141,223,248) (308,145,355,192) (181,127,288,234) (365,154,412,201)
"1308767007.8799":(64,162,206,304) (315,140,362,187) (196,125,312,241) (365,159,413,207)
"1308767008.1472":(39,174,190,325) (325,147,374,196) (181,136,295,250) (366,156,413,203)
"1308767008.4150":(53,169,207,323) (318,150,366,198) (144,135,264,255) (362,156,408,202)
"1308767008.6774":(72,176,245,349) (318,146,366,194) (139,139,267,267) (367,162,413,208)
"1308767008.9466":(53,183,244,374) (315,146,363,194) (150,140,281,271) (367,161,414,208)
"1308767009.2094":(33,177,253,397) (321,146,369,194) (153,141,280,268) (377,155,421,199)
"1308767009.4773":(29,189,252,412) (322,145,370,193) (179,136,318,275) (369,157,414,202)
"1308767009.7418":(37,221,301,485) (320,147,368,195) (195,135,336,276) (365,156,414,205)
"1308767010.0094":(-5,211,282,498) (190,143,332,285)
"1308767010.2826":(7,229,293,515) (182,153,321,292)
"1308767010.8096":(216,154,382,320)
"1308767011.0773":(249,163,428,342)
"1308767011.3416":(263,166,474,377)
"1308767011.6098":(236,170,439,373)
"1308767011.8774":(-95,301,370,766) (233,182,442,391)
"1308767012.1415":(-88,287,381,756) (314,146,362,194) (193,166,409,382) (366,149,413,196)
"1308767012.4094":(-83,293,389,765) (310,140,358,188) (197,168,443,414) (366,154,413,201)
"1308767012.6778":(-83,257,393,733) (321,150,369,198) (149,159,379,389) (364,151,414,201)
"1308767012.9416":(-137,268,381,786) (315,141,362,188) (181,162,411,392) (366,154,414,202)
"1308767013.2098":(315,139,362,186) (187,176,421,410) (368,156,415,203)
"1308767013.4773":(317,147,364,194) (185,190,442,447) (369,160,415,206)
"1308767013.7413":(322,142,370,190) (172,160,413,401) (369,148,417,196)
"1308767014.0094":(311,143,359,191) (62,185,342,465) (358,156,404,202)
"1308767014.2775":(315,145,363,193) (33,191,296,454) (368,158,415,205)
"1308767014.5454":(320,144,368,192) (-16,203,254,473) (364,157,412,205)
"1308767014.8093":(316,143,363,190) (-4,192,300,496) (366,154,413,201)
"1308767015.0773":(322,148,369,195) (-11,185,291,487) (366,157,413,204)
"1308767015.3466":(311,142,359,190) (18,191,314,487) (366,160,413,207)
"1308767015.6142":(321,151,369,199) (-47,202,252,501) (366,156,414,204)
"1308767015.8783":(324,148,372,196) (1,210,304,513) (367,155,414,202)
"1308767016.6773":(329,151,377,199) (85,207,354,476) (368,160,415,207)
"1308767016.9453":(335,152,382,199) (83,205,356,478) (368,156,414,202)
"1308767017.2093":(338,147,386,195) (-7,239,300,546) (365,159,413,207)
"1308767017.4773":(331,145,379,193) (-81,286,286,653) (357,156,431,230)
"1308767019.3453":(178,270,610,702)
"1308767019.8773":(165,252,486,573)
"1308767020.1453":(167,262,499,594)
"1308767020.4094":(188,253,465,530)
