"1308948429.6169":(371,168,418,215) (330,155,377,202) (374,197,438,261)
"1308948429.8849":(372,170,421,219) (331,157,380,206) (373,194,436,257)
"1308948430.1489":(370,164,418,212) (331,161,379,209) (374,186,438,250)
"1308948430.4197":(372,164,420,212) (330,159,378,207) (375,189,438,252)
"1308948430.6875":(368,168,416,216) (326,153,374,201) (376,188,438,250)
"1308948430.9519":(370,168,418,216) (329,155,377,203) (372,187,434,249)
"1308948431.2170":(371,168,417,214) (332,157,380,205) (377,184,440,247)
"1308948431.4850":(370,165,418,213) (328,152,376,200) (377,189,440,252)
"1308948431.7488":(375,166,423,214) (335,161,382,208) (380,188,441,249)
"1308948432.0168":(375,172,422,219) (334,156,381,203) (380,198,443,261)
"1308948432.2849":(376,162,423,209) (336,159,383,206) (387,187,449,249)
"1308948432.5493":(368,168,416,216) (332,158,380,206) (378,186,441,249)
"1308948432.8170":(368,168,416,216) (331,153,379,201) (378,184,439,245)
"1308948433.0848":(372,169,420,217) (337,158,384,205) (377,188,440,251)
"1308948433.3529":(374,169,421,216) (335,158,383,206) (379,183,442,246)
"1308948433.6175":(377,166,425,214) (336,154,384,202) (386,187,448,249)
"1308948433.8851":(372,167,420,215) (339,156,386,203) (382,187,444,249)
"1308948434.1551":(381,167,423,209) (339,155,386,202) (384,189,445,250)
"1308948434.4168":(374,166,421,213) (335,157,383,205) (385,185,448,248)
"1308948434.6857":(377,168,422,213) (333,155,381,203) (382,187,443,248)
"1308948434.9530":(376,167,423,214) (336,155,383,202) (384,188,445,249)
"1308948435.2175":(378,168,425,215) (335,157,383,205) (384,187,446,249)
"1308948435.4849":(375,170,422,217) (333,158,380,205) (377,184,439,246)
"1308948435.7533":(379,170,427,218) (334,155,381,202) (382,187,444,249)
"1308948436.0218":(377,164,425,212) (336,154,383,201) (381,190,443,252)
"1308948436.2850":(379,167,421,209) (333,157,381,205) (384,193,445,254)
"1308948436.5536":(381,162,425,206) (338,156,385,203) (379,184,440,245)
"1308948436.8168":(375,169,423,217) (331,159,378,206) (380,191,441,252)
"1308948437.0911":(376,166,423,213) (341,159,380,198) (375,187,436,248)
"1308948437.3536":(378,165,426,213) (336,157,383,204) (380,182,441,243)
"1308948437.6168":(377,165,419,207) (339,152,386,199) (380,184,442,246)
"1308948437.8850":(380,164,424,208) (332,154,379,201) (379,187,441,249)
"1308948438.1528":(380,163,425,208) (337,157,384,204) (372,184,432,244)
"1308948438.4169":(376,168,424,216) (335,156,383,204) (383,187,444,248)
"1308948438.6851":(381,166,428,213) (331,156,378,203) (382,186,443,247)
"1308948438.9536":(385,168,433,216) (333,157,380,204) (377,186,440,249)
"1308948439.2210":(380,169,425,214) (335,156,382,203) (380,187,441,248)
"1308948439.4864":(382,175,430,223) (338,157,385,204) (379,191,439,251)
"1308948439.7540":(374,164,417,207) (333,158,382,207) (376,191,436,251)
"1308948440.0211":(380,165,422,207) (330,153,377,200) (377,189,440,252)
"1308948440.2891":(374,166,416,208) (328,152,376,200) (377,185,438,246)
"1308948440.5528":(374,162,416,204) (334,157,381,204) (372,195,434,257)
"1308948440.8208":(377,164,419,206) (334,150,382,198) (373,184,436,247)
"1308948441.0881":(376,164,424,212) (331,153,379,201) (374,183,437,246)
"1308948441.3563":(377,162,420,205) (331,154,379,202) (370,189,433,252)
"1308948441.6193":(374,161,422,209) (333,153,380,200) (377,192,438,253)
"1308948441.8847":(372,163,420,211) (328,156,376,204) (372,189,435,252)
"1308948442.1547":(369,169,417,217) (328,156,376,204) (373,190,436,253)
"1308948442.4248":(376,165,422,211) (329,162,377,210) (374,191,437,254)
"1308948442.6848":(374,168,422,216) (333,156,381,204) (373,195,435,257)
"1308948442.9528":(368,168,416,216) (330,160,379,209) (372,193,434,255)
"1308948443.2240":(370,169,418,217) (331,161,379,209) (367,189,430,252)
"1308948443.4851":(378,166,422,210) (328,156,376,204) (373,189,436,252)
"1308948443.7551":(-65,351,112,528) (376,168,424,216) (331,156,380,205) (380,195,442,257)
"1308948444.0236":(-56,334,120,510) (372,173,420,221) (331,155,379,203) (376,195,439,258)
"1308948444.2846":(-42,322,123,487) (375,169,418,212) (332,155,380,203) (375,188,438,251)
"1308948444.5560":(-42,315,116,473) (373,169,419,215) (328,156,376,204) (376,186,439,249)
"1308948444.8244":(-36,302,116,454) (372,170,419,217) (329,160,377,208) (380,189,441,250)
"1308948445.0940":(-40,303,111,454) (375,164,423,212) (330,155,378,203) (373,189,435,251)
"1308948445.3527":(-33,303,106,442) (373,169,420,216) (329,155,376,202) (377,195,439,257)
"1308948445.6505":(-10,303,132,445) (369,168,417,216) (329,154,377,202) (377,187,440,250)
"1308948445.9318":(29,299,172,442) (375,166,423,214) (327,156,374,203) (374,190,437,253)
"1308948446.1873":(66,296,215,445) (377,169,422,214) (326,155,374,203) (372,188,434,250)
"1308948446.4557":(72,287,219,434) (373,169,420,216) (331,159,379,207) (380,189,441,250)
"1308948446.7259":(89,280,235,426) (377,168,423,214) (333,155,381,203) (375,193,437,255)
"1308948446.9873":(92,280,235,423) (373,174,421,222) (331,155,379,203) (376,194,439,257)
"1308948447.2529":(94,282,238,426) (370,166,418,214) (329,158,377,206) (373,193,436,256)
"1308948447.5233":(100,294,243,437) (375,167,420,212) (326,156,373,203) (375,189,438,252)
"1308948447.7872":(104,299,249,444) (377,165,423,211) (323,155,371,203) (375,194,437,256)
"1308948448.0555":(89,292,235,438) (375,167,423,215) (333,156,380,203) (373,197,435,259)
"1308948448.3232":(96,299,241,444) (371,171,418,218) (328,159,375,206) (379,194,438,253)
"1308948448.5848":(92,296,241,445) (376,165,424,213) (331,161,378,208) (376,189,437,250)
"1308948448.8554":(93,291,240,438) (376,172,424,220) (331,155,378,202) (380,189,442,251)
"1308948449.1232":(70,293,217,440) (372,168,418,214) (331,156,378,203) (381,188,442,249)
"1308948449.3849":(60,289,209,438) (378,169,426,217) (333,158,381,206) (378,189,439,250)
"1308948449.6528":(61,293,211,443) (377,165,425,213) (335,157,383,205) (374,190,436,252)
"1308948449.9233":(67,296,216,445) (371,166,419,214) (332,157,379,204) (377,187,438,248)
"1308948450.1848":(53,294,204,445) (373,167,419,213) (330,152,377,199) (382,191,443,252)
"1308948450.4528":(69,294,222,447) (375,170,420,215) (333,159,380,206) (375,189,436,250)
"1308948450.7233":(98,290,245,437) (372,164,419,211) (333,159,380,206) (379,189,441,251)
"1308948450.9913":(90,301,236,447) (376,169,424,217) (323,154,371,202) (383,188,446,251)
"1308948451.2531":(139,297,281,439) (379,169,427,217) (327,163,375,211) (378,185,438,245)
"1308948451.5207":(170,301,311,442) (382,168,429,215) (331,154,379,202) (377,196,439,258)
"1308948451.7913":(180,268,324,412) (368,166,415,213) (328,154,375,201) (380,189,440,249)
"1308948452.0528":(151,225,294,368) (377,165,425,213) (330,155,377,202) (380,186,443,249)
"1308948452.3208":(143,171,272,300) (376,163,424,211) (331,158,378,205) (375,195,438,258)
"1308948452.5888":(142,165,270,293) (380,167,422,209) (331,159,378,206) (378,193,440,255)
"1308948452.8528":(158,157,282,281) (377,166,425,214) (330,157,378,205) (375,187,437,249)
"1308948453.1208":(180,149,298,267) (374,165,422,213) (327,149,375,197) (380,187,442,249)
"1308948453.3888":(195,141,307,253) (378,162,425,209) (328,160,376,208) (379,193,440,254)
"1308948453.6530":(194,138,300,244) (379,165,427,213) (333,158,381,206) (382,191,443,252)
"1308948453.9209":(214,141,315,242) (378,169,426,217) (332,160,380,208) (374,194,435,255)
"1308948454.1888":(239,143,333,237) (369,166,417,214) (332,159,380,207) (380,195,441,256)
"1308948454.4528":(258,142,348,232) (374,173,422,221) (340,156,388,204) (384,192,446,254)
"1308948454.7208":(273,142,360,229) (371,165,419,213) (339,159,387,207) (376,194,439,257)
"1308948454.9887":(274,141,354,221) (375,167,423,215) (336,160,384,208) (379,193,440,254)
"1308948455.2530":(281,139,361,219) (377,166,425,214) (336,157,384,205) (380,187,443,250)
"1308948455.5208":(297,136,373,212) (375,171,421,217) (340,157,387,204) (382,195,443,256)
"1308948455.7887":(311,142,387,218) (379,166,426,213) (341,165,389,213) (382,193,444,255)
"1308948456.0528":(317,140,390,213) (376,165,420,209) (378,184,440,246)
"1308948456.3208":(328,142,400,214) (371,168,419,216) (373,190,436,253)
"1308948456.5888":(334,136,404,206) (376,167,424,215) (381,191,444,254)
"1308948456.8530":(329,140,398,209) (378,168,425,215) (380,189,442,251)
"1308948457.1208":(335,133,406,204) (378,169,420,211) (376,194,436,254)
"1308948457.3887":(339,142,412,215) (369,165,417,213) (380,193,442,255)
"1308948457.6536":(336,146,410,220) (378,164,423,209) (375,192,436,253)
"1308948457.9208":(353,137,423,207) (358,171,431,244) (377,193,437,253)
"1308948458.1887":(354,136,431,213) (375,166,423,214) (377,187,439,249)
"1308948458.4529":(367,135,414,182) (376,167,424,215) (381,187,443,249)
"1308948458.7208":(371,132,418,179) (373,167,421,215) (378,187,440,249)
"1308948458.9887":(355,137,427,209) (372,163,420,211) (381,190,443,252)
"1308948459.2528":(355,134,425,204) (361,168,435,242) (374,200,437,263)
"1308948459.5228":(349,138,420,209) (373,191,436,254)
"1308948459.7887":(350,137,421,208) (373,195,436,258)
"1308948460.0568":(356,134,427,205) (374,195,437,258)
"1308948460.3209":(356,137,427,208) (380,194,440,254)
"1308948460.5891":(372,143,446,217) (335,158,383,206)
"1308948460.8568":(372,140,444,212) (334,159,381,206)
"1308948461.1209":(380,133,454,207) (336,156,383,203)
"1308948461.3887":(376,133,450,207) (333,161,380,208)
"1308948461.6568":(379,133,450,204) (333,155,380,202)
"1308948461.9209":(378,138,452,212) (330,159,377,206)
"1308948462.1888":(380,135,451,206) (332,151,380,199)
"1308948462.4570":(381,137,452,208) (331,155,379,203)
"1308948462.7208":(377,134,451,208) (328,157,376,205)
"1308948462.9888":(372,141,444,213) (327,152,374,199)
"1308948463.2570":(376,136,448,208) (328,160,376,208)
"1308948463.5210":(371,139,443,211) (327,158,375,206)
"1308948463.7887":(372,130,441,199) (327,153,373,199)
"1308948464.0568":(365,131,439,205) (331,156,378,203)
"1308948464.3211":(368,140,439,211) (331,157,379,205)
"1308948464.5920":(371,135,441,205) (326,151,374,199)
"1308948464.8568":(381,138,427,184) (325,156,372,203)
"1308948465.1209":(366,132,437,203) (332,157,379,204)
"1308948465.3889":(358,133,428,203) (326,155,374,203)
"1308948465.6580":(359,134,426,201) (328,155,375,202)
"1308948465.9249":(359,142,433,216) (327,159,374,206) (379,196,441,258)
"1308948466.1887":(356,134,429,207) (314,152,378,216) (374,202,435,263)
"1308948466.4587":(355,133,429,207) (324,159,372,207) (375,193,437,255)
"1308948466.7215":(354,137,424,207) (320,157,368,205) (372,194,434,256)
"1308948466.9890":(354,140,430,216) (319,154,367,202) (377,189,438,250)
"1308948467.2567":(357,148,431,222) (308,152,384,228) (374,185,435,246)
"1308948467.5209":(357,148,432,223) (375,170,422,217) (315,151,363,199) (377,192,439,254)
"1308948467.7939":(359,144,435,220) (315,160,381,226) (377,195,439,257)
"1308948468.0603":(352,142,429,219) (315,167,381,233) (375,193,438,256)
"1308948468.3212":(346,151,422,227) (380,197,443,260)
"1308948468.5889":(353,157,428,232) (379,195,442,258)
"1308948468.8608":(354,151,429,226) (382,197,445,260)
"1308948469.1248":(353,145,429,221) (377,189,439,251)
"1308948469.3906":(353,145,429,221) (381,186,442,247)
"1308948469.6570":(366,143,414,191) (378,187,440,249)
"1308948469.9277":(354,143,430,219) (375,201,437,263)
"1308948470.1889":(351,149,427,225) (372,198,435,261)
"1308948470.4630":(357,140,433,216) (374,193,436,255)
"1308948470.7249":(355,147,431,223) (376,189,438,251)
"1308948470.9899":(368,139,415,186) (373,191,434,252)
"1308948471.2570":(348,150,424,226) (375,197,438,260)
"1308948471.5258":(344,145,418,219) (376,193,439,256)
"1308948471.7893":(341,150,413,222) (379,190,441,252)
"1308948472.0569":(348,138,423,213) (382,194,445,257)
"1308948472.3249":(348,139,421,212) (377,193,439,255)
"1308948472.5935":(342,142,415,215) (372,188,435,251)
"1308948472.8572":(339,140,413,214) (371,188,434,251)
"1308948473.1301":(343,141,416,214) (367,196,429,258)
"1308948473.3890":(347,149,422,224) (371,195,431,255)
"1308948473.6569":(346,138,420,212) (373,191,436,254)
"1308948473.9309":(352,139,427,214) (369,197,430,258)
"1308948474.1889":(352,144,423,215) (370,195,430,255)
"1308948474.4603":(357,137,428,208) (365,196,427,258)
"1308948474.7249":(354,139,429,214) (371,193,433,255)
"1308948474.9889":(357,136,432,211) (367,200,428,261)
"1308948475.2625":(355,142,426,213) (366,187,426,247)
"1308948475.5315":(352,141,423,212) (368,199,431,262)
"1308948475.7925":(356,132,427,203) (369,194,429,254)
"1308948476.0688":(349,133,421,205) (369,190,432,253)
"1308948476.3341":(353,136,423,206) (325,160,372,207) (369,196,431,258)
"1308948476.5888":(348,141,418,211) (322,160,370,208) (370,187,430,247)
"1308948476.8604":(356,134,425,203) (323,154,370,201) (370,196,430,256)
"1308948477.1249":(354,135,427,208) (325,163,373,211) (371,189,431,249)
"1308948477.3961":(351,131,421,201) (319,156,367,204) (368,196,428,256)
"1308948477.6568":(352,133,425,206) (324,154,371,201) (370,193,430,253)
"1308948477.9247":(349,128,422,201) (324,159,372,207) (372,197,435,260)
"1308948478.1929":(353,132,426,205) (326,153,374,201) (370,191,431,252)
"1308948478.4740":(347,135,418,206) (324,158,372,206) (368,195,428,255)
"1308948478.7290":(351,135,422,206) (331,157,378,204) (366,196,428,258)
"1308948478.9928":(352,133,423,204) (329,158,377,206) (367,188,430,251)
"1308948479.2606":(351,135,422,206) (329,160,377,208)
"1308948479.5252":(353,133,424,204) (329,158,377,206)
"1308948479.7928":(355,139,425,209) (331,160,378,207)
"1308948480.0604":(358,134,429,205) (332,156,380,204)
"1308948480.3247":(347,131,418,202) (330,160,378,208)
"1308948480.5928":(350,134,421,205) (329,168,377,216)
"1308948480.8621":(355,137,426,208) (329,158,377,206)
"1308948481.1314":(351,134,422,205) (332,158,380,206)
"1308948481.3949":(359,133,430,204) (331,156,378,203)
"1308948481.6603":(356,140,427,211) (329,164,377,212)
"1308948481.9274":(357,136,428,207) (337,161,385,209)
"1308948482.1999":(350,131,421,202) (332,154,380,202)
"1308948482.4595":(354,130,425,201) (328,159,376,207)
"1308948482.7288":(352,135,424,207) (332,153,380,201)
"1308948482.9954":(353,133,423,203) (331,153,379,201)
"1308948483.2595":(354,134,425,205) (337,155,384,202)
"1308948483.5272":(352,139,422,209) (331,153,378,200)
"1308948483.7982":(353,133,424,204) (335,156,382,203)
"1308948484.0569":(351,133,422,204) (332,154,380,202)
"1308948484.3275":(351,132,424,205) (334,158,379,203)
"1308948484.5952":(349,147,420,218) (331,158,379,206)
"1308948484.8568":(357,137,428,208) (332,156,379,203)
"1308948485.1273":(353,132,426,205) (333,153,380,200)
"1308948485.3954":(354,128,426,200) (328,167,375,214)
"1308948485.6568":(352,143,426,217) (333,156,380,203) (369,193,431,255)
"1308948485.9248":(349,137,420,208) (329,153,377,201)
"1308948486.1954":(351,135,422,206) (332,153,380,201)
"1308948486.4632":(360,133,432,205) (330,159,378,207)
"1308948486.7248":(357,133,430,206) (333,155,380,202)
"1308948486.9928":(353,134,423,204) (321,158,387,224)
"1308948487.2632":(356,139,428,211) (330,157,378,205)
"1308948487.5250":(348,130,421,203) (333,157,381,205)
"1308948487.7928":(350,138,425,213) (333,159,381,207)
"1308948488.0608":(350,133,424,207) (328,158,376,206)
"1308948488.3248":(350,131,421,202) (331,156,379,204)
"1308948488.5928":(356,138,428,210) (330,155,377,202)
"1308948488.8608":(348,136,419,207) (333,160,381,208)
"1308948489.1250":(350,134,422,206) (333,156,380,203)
"1308948489.3929":(346,127,417,198) (327,164,375,212)
"1308948489.6610":(348,131,420,203) (332,155,379,202)
"1308948489.9248":(350,140,421,211) (336,154,383,201)
"1308948490.1928":(353,144,424,215) (331,167,372,208) (371,196,433,258)
"1308948490.4608":(348,144,421,217) (335,155,382,202) (373,191,434,252)
"1308948490.7249":(349,143,417,211) (373,188,436,251)
"1308948490.9928":(345,138,416,209) (369,191,428,250)
"1308948491.2608":(347,138,418,209) (370,183,432,245)
"1308948491.5250":(351,135,421,205) (367,192,428,253)
"1308948491.7928":(347,136,418,207) (369,188,432,251)
"1308948492.0608":(348,138,418,208) (366,185,427,246)
"1308948492.3249":(345,139,415,209) (371,191,429,249)
"1308948492.5928":(345,136,415,206) (310,159,376,225) (370,192,431,253)
"1308948492.8607":(345,140,416,211) (317,156,363,202)
"1308948493.1249":(343,133,416,206) (305,162,371,228) (371,187,430,246)
"1308948493.3928":(342,135,412,205) (318,155,365,202) (366,187,425,246)
"1308948493.6607":(344,134,415,205) (303,154,371,222) (367,187,427,247)
"1308948493.9251":(339,141,410,212) (321,152,368,199) (367,192,425,250)
"1308948494.1928":(338,132,409,203) (321,156,364,199) (365,188,428,251)
"1308948494.4608":(330,135,405,210) (318,157,365,204)
"1308948494.7273":(337,142,413,218) (320,161,367,208)
"1308948494.9929":(340,139,415,214) (317,153,364,200)
"1308948495.2609":(333,142,408,217) (318,165,366,213)
"1308948495.5288":(335,129,408,202) (317,149,365,197)
"1308948495.7928":(344,136,405,197) (318,159,366,207) (368,183,427,242)
"1308948496.0608":(340,136,401,197) (317,160,365,208) (365,187,424,246)
"1308948496.3287":(333,135,407,209) (305,156,376,227) (362,185,422,245)
"1308948496.5937":(337,132,412,207) (324,151,371,198) (367,193,427,253)
"1308948496.8610":(338,131,412,205) (325,157,373,205) (367,189,428,250)
"1308948497.1288":(338,132,411,205) (318,156,366,204) (368,182,428,242)
"1308948497.3928":(337,132,411,206) (326,153,373,200) (371,184,430,243)
"1308948497.6608":(344,127,415,198) (323,160,371,208) (369,182,427,240)
"1308948497.9288":(331,135,404,208) (320,153,368,201) (366,183,427,244)
"1308948498.1929":(335,135,408,208) (318,152,366,200) (370,187,431,248)
"1308948498.4608":(337,136,409,208) (319,155,367,203) (368,189,429,250)
"1308948498.7289":(340,143,412,215) (320,164,368,212)
"1308948498.9931":(340,135,414,209) (306,151,376,221)
"1308948499.2607":(342,137,415,210) (322,162,369,209)
"1308948499.5300":(344,134,416,206) (306,160,376,230) (372,185,429,242)
"1308948499.7928":(340,132,414,206) (323,158,370,205) (372,187,432,247)
"1308948500.0626":(339,136,410,207) (320,163,368,211) (371,184,432,245)
"1308948500.3289":(348,136,421,209) (324,161,372,209) (370,187,432,249)
"1308948500.5929":(351,128,423,200) (324,164,372,212) (369,185,431,247)
"1308948500.8610":(351,130,424,203) (318,151,366,199) (375,191,438,254)
"1308948501.1288":(351,134,425,208) (324,153,372,201) (368,183,431,246)
"1308948501.3973":(354,139,427,212) (326,151,373,198) (367,184,429,246)
"1308948501.6649":(355,138,428,211) (330,153,378,201) (373,186,436,249)
"1308948501.9289":(345,131,419,205) (323,153,371,201) (372,187,434,249)
"1308948502.1929":(351,132,424,205) (325,154,372,201) (377,188,440,251)
"1308948502.4644":(354,130,427,203) (326,156,374,204) (377,184,439,246)
"1308948502.7301":(353,133,425,205) (328,153,376,201) (379,189,440,250)
"1308948502.9928":(348,129,422,203) (330,158,378,206) (373,180,434,241)
"1308948503.2609":(349,131,423,205) (326,153,374,201) (375,191,438,254)
