"1308949021.6729":(373,189,435,251)
"1308949021.9409":(376,192,437,253)
"1308949022.2089":(375,199,436,260)
"1308949022.4730":(373,197,435,259)
"1308949022.7410":(375,193,436,254)
"1308949023.0089":(379,195,442,258)
"1308949023.2737":(378,186,441,249)
"1308949023.5410":(367,164,412,209)
"1308949023.8088":(361,163,408,210) (377,189,440,252)
"1308949024.0729":(358,165,404,211) (374,190,436,252)
"1308949024.3412":(356,160,401,205) (373,188,435,250)
"1308949024.6089":(354,160,400,206) (378,188,439,249)
"1308949024.8729":(352,161,399,208) (372,190,434,252)
"1308949025.1409":(362,159,409,206) (374,191,437,254)
"1308949025.4090":(359,163,405,209) (377,192,438,253)
"1308949025.6769":(359,161,404,206) (374,201,434,261)
"1308949025.9409":(363,162,411,210) (379,196,442,259)
"1308949026.2090":(364,162,409,207) (375,199,436,260)
"1308949026.4770":(362,160,408,206) (381,195,444,258)
"1308949026.7409":(365,165,410,210) (383,189,443,249)
"1308949027.0089":(369,158,415,204) (378,194,441,257)
"1308949027.2770":(361,165,408,212) (375,197,438,260)
"1308949027.5410":(363,154,408,199) (380,192,440,252)
"1308949027.8089":(366,158,411,203) (383,189,444,250)
"1308949028.0769":(362,172,407,217) (375,188,437,250)
"1308949028.3413":(364,160,410,206) (382,192,443,253)
"1308949028.6089":(369,164,416,211) (377,198,438,259)
"1308949028.8769":(368,162,413,207) (381,191,442,252)
"1308949029.1457":(369,161,414,206) (375,194,438,257)
"1308949029.4141":(375,164,422,211) (383,192,444,253)
"1308949029.6769":(373,165,421,213) (380,195,442,257)
"1308949029.9479":(377,159,422,204) (383,193,443,253)
"1308949030.2089":(373,161,421,209) (383,191,443,251)
"1308949030.4770":(370,166,415,211) (386,188,446,248)
"1308949030.7410":(373,150,418,195) (383,196,443,256)
"1308949031.0090":(377,161,422,206) (367,191,445,269)
"1308949031.2769":(377,163,422,208) (379,192,441,254)
"1308949031.5409":(376,154,423,201) (387,186,448,247)
"1308949031.8089":(374,159,419,204) (384,192,445,253)
"1308949032.0825":(371,159,417,205) (379,188,454,263)
"1308949032.3438":(367,158,414,205) (384,190,446,252)
"1308949032.6112":(374,163,421,210) (382,186,445,249)
"1308949032.8807":(387,164,435,212) (384,187,445,248)
"1308949033.1409":(395,167,442,214) (382,188,444,250)
"1308949033.4090":(374,188,453,267)
"1308949033.6769":(380,189,440,249)
"1308949033.9503":(385,193,445,253)
"1308949034.2118":(391,171,437,217) (378,196,440,258)
"1308949034.4786":(385,162,431,208) (385,191,446,252)
"1308949034.7449":(375,159,420,204) (379,189,439,249)
"1308949035.0099":(363,155,411,203) (382,196,445,259)
"1308949035.2769":(372,158,420,206) (386,189,447,250)
"1308949035.5463":(384,187,445,248)
"1308949035.8089":(379,199,439,259)
"1308949036.0769":(384,188,446,250)
"1308949036.3464":(378,187,439,248)
"1308949036.6101":(380,194,441,255)
"1308949036.8769":(378,187,441,250)
"1308949037.1450":(381,191,442,252)
"1308949037.4095":(378,195,438,255)
"1308949037.6784":(382,192,442,252)
"1308949037.9449":(383,193,445,255)
"1308949038.2111":(378,189,442,253)
"1308949038.4770":(386,191,447,252)
"1308949038.7450":(371,160,416,205) (383,191,444,252)
"1308949039.0127":(365,164,410,209) (382,189,442,249)
"1308949039.2806":(359,157,405,203) (377,186,439,248)
"1308949039.5482":(368,153,413,198) (382,188,442,248)
"1308949039.8090":(356,161,403,208) (384,188,446,250)
"1308949040.0769":(359,159,408,208) (378,192,440,254)
"1308949040.3449":(359,155,404,200) (377,191,437,251)
"1308949040.6141":(352,160,399,207) (381,195,442,256)
"1308949040.8769":(363,162,408,207) (380,189,441,250)
"1308949041.1480":(363,154,408,199) (377,188,437,248)
"1308949041.4151":(370,159,415,204) (376,187,437,248)
"1308949041.6768":(370,162,416,208) (384,192,444,252)
"1308949041.9552":(363,158,422,217) (382,189,443,250)
"1308949042.2219":(362,158,408,204) (383,187,447,251)
"1308949042.4769":(364,162,410,208) (386,187,446,247)
"1308949042.7502":(368,160,415,207) (384,187,445,248)
"1308949043.0129":(382,194,442,254)
"1308949043.2888":(383,188,446,251)
"1308949043.5448":(371,189,435,253)
"1308949043.8166":(378,192,439,253)
"1308949044.0769":(382,194,443,255)
"1308949044.3449":(381,194,441,254)
"1308949044.6128":(376,193,440,257)
"1308949044.8773":(384,193,444,253)
"1308949045.1450":(378,166,426,214) (384,185,445,246)
"1308949045.4208":(371,165,418,212) (381,191,442,252)
"1308949045.6769":(366,160,412,206) (379,190,441,252)
"1308949045.9450":(377,170,425,218) (382,191,443,252)
"1308949046.2180":(384,189,447,252)
"1308949046.4769":(384,189,444,249)
"1308949046.7449":(405,149,451,195) (384,189,445,250)
"1308949047.0205":(389,129,438,178) (377,188,438,249)
"1308949047.2769":(380,130,428,178) (377,187,437,247)
"1308949047.5449":(392,134,440,182) (380,192,441,253)
"1308949047.8129":(391,130,438,177) (367,192,443,268)
"1308949048.0769":(393,132,443,182) (377,199,438,260)
"1308949048.3449":(395,139,445,189) (384,191,444,251)
"1308949048.6129":(401,136,450,185) (376,188,440,252)
"1308949048.8769":(401,143,450,192) (378,188,438,248)
"1308949049.1449":(400,131,449,180) (386,191,446,251)
"1308949049.4129":(399,140,447,188) (385,192,447,254)
"1308949049.6769":(402,134,450,182)
"1308949049.9449":(399,131,446,178) (383,190,445,252)
"1308949050.2129":(396,135,443,182) (378,187,438,247)
"1308949050.4769":(397,135,444,182) (379,194,440,255)
"1308949050.7449":(383,134,430,181) (387,192,448,253)
"1308949051.0129":(381,134,429,182) (384,189,444,249)
"1308949051.2769":(378,134,425,181) (372,190,448,266)
"1308949051.5449":(368,137,417,186) (382,192,443,253)
"1308949051.8129":(380,138,428,186) (384,196,445,257)
"1308949052.0809":(375,137,424,186) (373,189,436,252)
"1308949052.3450":(357,149,406,198) (390,188,453,251)
"1308949052.6131":(385,151,434,200) (380,197,443,260)
"1308949052.8809":(374,137,439,202) (381,198,442,259)
"1308949053.1449":(381,135,430,184)
"1308949053.4129":(375,136,424,185) (382,193,445,256)
"1308949053.6809":(370,134,420,184) (379,186,443,250)
"1308949053.9449":(374,140,438,204) (379,187,455,263)
"1308949054.2130":(368,138,431,201) (379,188,439,248)
"1308949054.4809":(383,138,432,187) (384,187,448,251)
"1308949054.7450":(375,142,424,191) (373,186,434,247)
"1308949055.0129":(373,129,436,192) (389,186,449,246)
"1308949055.2809":(363,137,427,201) (386,187,446,247)
"1308949055.5449":(347,142,400,195) (383,185,445,247)
"1308949055.8129":(334,141,386,193) (386,187,447,248)
"1308949056.0809":(321,136,372,187) (372,185,434,247)
"1308949056.3450":(304,141,359,196)
"1308949056.6129":(288,144,343,199) (371,190,433,252)
"1308949056.8809":(252,142,311,201) (371,189,435,253)
"1308949057.1449":(238,148,301,211) (377,189,440,252)
"1308949057.4129":(211,151,279,219) (372,189,435,252)
"1308949057.6809":(177,158,249,230) (370,190,432,252)
"1308949057.9449":(149,155,228,234) (375,189,439,253)
"1308949058.2129":(121,163,205,247)
"1308949058.4809":(96,163,187,254) (373,193,437,257)
"1308949058.7455":(62,173,159,270) (374,187,438,251)
"1308949059.0130":(7,167,113,273) (372,187,433,248)
"1308949059.2809":(-34,177,79,290) (370,193,451,274)
"1308949059.5450":(379,190,443,254)
"1308949059.8129":(376,188,440,252)
"1308949060.0809":(362,188,425,251)
"1308949060.3450":(364,194,429,259)
"1308949060.6129":(356,185,417,246)
"1308949060.8809":(360,193,421,254)
"1308949061.1489":(372,189,436,253)
"1308949061.4130":(380,194,442,256)
"1308949061.6810":(375,190,437,252)
"1308949061.9489":(374,194,436,256)
"1308949062.2129":(368,186,433,251)
"1308949062.4809":(378,190,441,253)
"1308949062.7489":(376,202,439,265)
"1308949063.0129":(377,190,440,253)
"1308949063.2809":(376,189,440,253)
"1308949063.5489":(366,187,431,252)
"1308949063.8178":(371,189,435,253)
"1308949064.0812":(371,189,435,253)
"1308949064.3489":(374,190,438,254)
"1308949064.6129":(372,187,436,251)
"1308949064.8825":(376,195,435,254)
"1308949065.1491":(372,186,436,250)
"1308949065.4158":(380,191,441,252)
"1308949065.6809":(374,190,437,253)
"1308949065.9489":(365,192,426,253)
"1308949066.2145":(357,197,421,261)
"1308949066.4811":(376,201,437,262)
"1308949066.7491":(375,189,439,253)
"1308949067.0129":(376,196,440,260)
"1308949067.2810":(366,188,429,251)
"1308949067.5544":(366,178,428,240)
"1308949067.8129":(371,186,434,249)
"1308949068.0852":(374,186,436,248)
"1308949068.3489":(371,183,434,246)
"1308949068.6130":(367,198,429,260)
"1308949068.8811":(344,193,407,256)
"1308949069.1489":(364,186,428,250)
"1308949069.4169":(373,195,437,259)
"1308949069.6810":(368,185,430,247)
"1308949069.9489":(376,191,437,252)
"1308949070.2175":(377,198,441,262)
"1308949070.4812":(380,196,443,259)
"1308949070.7489":(364,185,429,250)
"1308949071.0169":(372,191,436,255)
"1308949071.2831":(375,190,437,252)
"1308949071.5489":(380,198,442,260)
"1308949071.8170":(379,191,442,254)
"1308949072.0810":(370,192,435,257)
"1308949072.3489":(378,192,440,254)
"1308949072.6169":(381,192,443,254)
"1308949072.8810":(372,195,436,259)
"1308949073.1541":(380,197,443,260)
"1308949073.4216":(377,194,438,255)
"1308949073.6823":(374,194,436,256)
"1308949073.9489":(378,194,439,255)
"1308949074.2226":(380,189,442,251)
"1308949074.4831":(378,196,441,259)
"1308949074.7551":(375,203,438,266)
"1308949075.0173":(379,189,444,254)
"1308949075.2866":(377,187,441,251)
"1308949075.5505":(376,191,440,255)
"1308949075.8169":(379,188,442,251)
"1308949076.0858":(377,189,440,252)
"1308949076.3545":(378,193,441,256)
"1308949076.6236":(384,190,446,252)
"1308949076.8809":(388,185,452,249)
"1308949077.1499":(367,189,432,254)
"1308949077.4171":(376,190,440,254)
"1308949077.6919":(372,189,436,253)
"1308949077.9491":(365,192,427,254)
"1308949078.2240":(374,187,438,251)
"1308949078.4883":(376,197,438,259)
"1308949078.7521":(370,193,434,257)
"1308949079.0202":(371,186,435,250)
"1308949079.2854":(379,193,440,254)
"1308949079.5546":(378,196,442,260)
"1308949079.8221":(365,197,429,261)
"1308949080.0901":(377,189,441,253)
"1308949080.3490":(384,183,447,246)
"1308949080.6231":(381,187,445,251)
"1308949080.8919":(364,188,428,252)
"1308949081.1489":(364,189,428,253)
"1308949081.4194":(368,199,432,263)
"1308949081.6849":(375,189,439,253)
"1308949081.9489":(379,188,443,252)
"1308949082.2170":(380,195,443,258)
"1308949082.4860":(375,197,439,261)
"1308949082.7489":(382,183,443,244)
"1308949083.0169":(373,192,435,254)
"1308949083.2849":(377,193,439,255)
"1308949083.5490":(380,198,443,261)
"1308949083.8169":(380,192,441,253)
"1308949084.0849":(368,186,433,251)
"1308949084.3490":(376,195,439,258)
"1308949084.6169":(377,194,440,257)
"1308949084.8851":(382,194,446,258)
"1308949085.1489":(380,189,442,251)
"1308949085.4171":(376,185,440,249)
"1308949085.6849":(368,187,431,250)
"1308949085.9490":(376,197,437,258)
"1308949086.2170":(378,189,440,251)
"1308949086.4849":(382,182,444,244)
"1308949086.7489":(378,196,439,257)
"1308949087.0169":(370,201,433,264)
"1308949087.2849":(388,178,449,239)
"1308949087.5529":(373,194,436,257)
"1308949087.8171":(381,196,445,260)
"1308949088.0849":(378,189,442,253)
"1308949088.3529":(368,189,430,251)
"1308949088.6169":(380,193,444,257)
"1308949088.8850":(391,193,453,255)
"1308949089.1529":(372,193,436,257)
"1308949089.4169":(372,190,435,253)
"1308949089.6850":(381,190,444,253)
"1308949089.9529":(375,195,439,259)
"1308949090.2169":(374,191,437,254)
"1308949090.4849":(375,188,437,250)
"1308949090.7529":(365,188,429,252)
"1308949091.0169":(372,190,436,254)
"1308949091.2849":(378,190,442,254)
"1308949091.5529":(379,190,441,252)
"1308949091.8169":(381,189,445,253)
"1308949092.0851":(364,189,427,252)
"1308949092.3529":(384,193,447,256)
"1308949092.6169":(379,195,443,259)
"1308949092.8849":(382,194,445,257)
"1308949093.4169":(386,190,449,253)
"1308949093.6850":(368,190,431,253)
"1308949093.9529":(381,201,442,262)
"1308949094.2170":(379,188,443,252)
"1308949094.4850":(382,194,446,258)
"1308949094.7529":(368,190,431,253)
"1308949095.0224":(388,191,449,252)
"1308949095.2850":(381,196,445,260)
"1308949095.5529":(392,188,456,252)
"1308949095.8171":(376,188,439,251)
"1308949096.0851":(382,186,445,249)
"1308949096.3533":(370,201,432,263)
"1308949096.6209":(374,192,436,254)
"1308949096.8864":(383,193,445,255)
"1308949097.1529":(382,187,444,249)
"1308949097.4209":(389,188,450,249)
"1308949097.6850":(382,193,446,257)
"1308949097.9530":(388,187,446,245)
"1308949098.2209":(385,194,449,258)
"1308949098.4850":(382,195,446,259)
"1308949098.7529":(366,189,430,253)
"1308949099.0210":(372,190,435,253)
"1308949099.2895":(382,188,446,252)
"1308949099.5554":(386,194,449,257)
"1308949099.8209":(377,187,442,252)
"1308949100.0895":(371,190,434,253)
"1308949100.3599":(376,193,440,257)
"1308949100.6209":(382,191,446,255)
"1308949100.8868":(383,193,447,257)
"1308949101.1530":(377,193,439,255)
"1308949101.4251":(376,197,440,261)
"1308949101.6912":(376,193,440,257)
"1308949101.9530":(365,188,429,252)
"1308949102.2210":(373,184,437,248)
"1308949102.4850":(388,189,451,252)
"1308949102.7578":(376,196,440,260)
"1308949103.0209":(378,198,438,258)
"1308949103.2853":(374,185,436,247)
"1308949103.5568":(376,195,440,259)
"1308949103.8210":(385,194,449,258)
"1308949104.0850":(374,197,438,261)
"1308949104.3529":(371,191,436,256)
"1308949104.8851":(381,188,445,252) (-67,165,98,325)
"1308949105.1530":(372,189,435,252) (-66,164,96,326)
"1308949105.4213":(372,187,436,251) (-57,150,87,294)
"1308949105.6890":(370,196,434,260) (-5,147,129,281)
"1308949105.9529":(378,185,439,246) (17,152,145,280)
"1308949106.2209":(373,185,437,249) (51,136,171,256)
"1308949106.4890":(376,194,438,256) (79,143,189,253)
"1308949106.7529":(373,188,434,249) (87,135,190,238)
"1308949107.0210":(382,193,446,257) (105,135,206,236)
"1308949107.2890":(374,193,438,257) (116,145,213,242)
"1308949107.5529":(373,191,434,252) (145,137,237,229)
"1308949107.8209":(378,195,440,257) (163,139,254,230)
"1308949108.0889":(375,189,438,252) (175,135,263,223)
"1308949108.3578":(381,193,443,255) (185,133,268,216)
"1308949108.6210":(375,186,437,248) (198,139,281,222)
"1308949108.8942":(371,191,434,254) (202,142,280,220)
"1308949109.1554":(374,187,438,251) (201,143,277,219)
"1308949109.4222":(377,191,438,252) (194,148,276,230)
"1308949109.6980":(367,190,431,254) (171,132,255,216)
"1308949109.9529":(377,186,441,250) (154,131,240,217)
"1308949110.2254":(376,191,439,254) (163,148,210,195)
"1308949110.4901":(382,191,446,255) (136,139,228,231)
"1308949110.7539":(376,187,440,251) (130,137,225,232)
"1308949111.0209":(375,194,437,256) (136,140,233,237)
"1308949111.2890":(374,196,436,258) (119,144,216,241)
"1308949111.5612":(377,197,439,259) (110,139,211,240)
"1308949111.8251":(370,202,435,267) (86,145,189,248)
"1308949112.0909":(378,197,442,261) (77,150,183,256)
"1308949112.3529":(380,192,442,254) (83,136,188,241)
"1308949112.6209":(373,198,436,261) (68,146,168,246)
"1308949112.8893":(380,195,440,255) (81,139,188,246)
"1308949113.1534":(381,191,442,252) (80,144,187,251)
"1308949113.4267":(365,189,429,253) (79,142,186,249)
"1308949113.6891":(381,188,443,250) (68,142,175,249)
"1308949113.9615":(384,189,445,250) (68,141,175,248)
"1308949114.2290":(380,188,442,250) (69,144,177,252)
"1308949114.4928":(373,186,434,247) (64,141,173,250)
"1308949114.7572":(381,189,443,251) (54,144,163,253)
"1308949115.0212":(382,188,442,248) (44,147,152,255)
"1308949115.2934":(382,188,443,249) (32,143,139,250)
"1308949115.5569":(384,189,445,250) (30,141,137,248)
"1308949115.8210":(374,186,438,250) (14,144,125,255)
"1308949116.0954":(381,189,443,251) (30,149,144,263)
"1308949116.3630":(378,187,441,250) (23,148,141,266)
"1308949116.6209":(382,187,443,248) (22,145,142,265)
"1308949116.8889":(385,188,449,252) (3,173,130,300)
"1308949117.1624":(382,190,444,252) (-24,149,108,281)
"1308949117.4209":(373,189,437,253)
"1308949117.6889":(377,194,440,257)
"1308949117.9609":(369,197,433,261)
"1308949118.2209":(375,188,437,250)
"1308949118.4889":(376,196,440,260)
"1308949118.7569":(379,186,443,250)
"1308949119.0209":(373,190,437,254)
"1308949119.2889":(382,191,443,252)
"1308949119.5569":(373,188,437,252)
"1308949119.8209":(371,189,434,252)
"1308949120.0889":(376,184,439,247)
"1308949120.3569":(375,190,439,254)
"1308949120.6209":(375,189,438,252)
"1308949120.8889":(369,196,430,257)
"1308949121.1569":(378,190,440,252)
"1308949121.4210":(379,193,443,257)
"1308949121.6889":(382,187,445,250)
"1308949121.9569":(376,186,438,248)
"1308949122.2209":(382,192,443,253)
"1308949122.4890":(377,195,441,259)
"1308949122.7570":(379,196,442,259)
"1308949123.0249":(386,187,447,248)
"1308949123.2890":(381,188,442,249)
"1308949123.5569":(381,188,442,249)
"1308949123.8251":(378,184,440,246)
"1308949124.0890":(379,194,439,254)
"1308949124.3569":(380,195,441,256)
"1308949124.6249":(379,194,440,255)
"1308949124.8889":(379,197,442,260)
"1308949125.1569":(379,189,441,251)
"1308949125.4249":(380,191,440,251)
"1308949125.6889":(381,195,443,257)
"1308949125.9569":(382,190,446,254)
"1308949126.2249":(381,187,442,248)
"1308949126.4889":(378,193,439,254)
"1308949126.7569":(377,188,438,249)
"1308949127.0249":(383,194,444,255)
"1308949127.2890":(373,193,434,254)
"1308949127.5569":(380,201,443,264)
"1308949127.8249":(375,185,438,248)
"1308949128.0889":(369,193,431,255)
"1308949128.3570":(374,189,437,252)
"1308949128.6249":(374,189,438,253)
"1308949128.8890":(368,192,433,257)
"1308949129.1569":(381,188,443,250)
"1308949129.4249":(375,189,438,252)
"1308949129.6889":(366,188,428,250)
"1308949129.9570":(365,186,428,249)
"1308949130.2249":(373,201,434,262)
"1308949130.4890":(376,185,439,248)
"1308949130.7569":(372,188,434,250)
"1308949131.0249":(376,187,440,251)
"1308949131.2890":(379,187,441,249)
"1308949131.5570":(376,195,440,259)
"1308949131.8251":(378,190,443,255)
"1308949132.0929":(377,186,441,250)
"1308949132.3569":(384,190,448,254)
"1308949132.6250":(369,182,434,247)
"1308949132.8929":(373,188,436,251)
"1308949133.1570":(376,196,440,260)
"1308949133.4250":(374,190,436,252)
"1308949133.6930":(377,194,440,257)
"1308949133.9570":(380,197,444,261)
"1308949134.2250":(372,189,436,253)
"1308949134.4931":(384,187,448,251)
"1308949134.7600":(377,197,439,259)
"1308949135.0253":(377,190,439,252)
"1308949135.2929":(375,193,438,256)
"1308949135.5575":(377,195,439,257)
"1308949135.8250":(369,197,431,259)
