"00000":(52,68,126,174) (169,119,216,178)
"00001":(33,162,68,202) (65,130,92,154) (128,134,156,166) (166,146,197,182) (240,155,274,194) (276,172,304,216)
"00002":(36,150,72,186) (61,116,89,143) (129,122,153,151) (170,134,200,174) (240,138,270,178) (272,150,306,200)
"00003":(30,146,68,182) (61,112,92,138) (125,114,152,146) (168,126,196,163) (240,133,272,174) (274,154,305,198)
"00004":(20,119,52,156) (56,86,79,114) (112,94,136,126) (156,107,185,142) (232,114,258,150) (269,122,300,166) (273,163,305,206)
"00005":(20,106,57,139) (52,74,80,106) (112,84,136,114) (156,96,185,128) (228,99,256,135) (269,106,301,154) (272,151,302,190)
"00006":(13,107,48,146) (46,78,68,106) (106,84,128,118) (150,98,180,136) (222,102,248,143) (260,116,296,158) (264,151,300,194)
"00007":(12,107,46,144) (44,76,70,106) (101,84,128,114) (156,94,185,134) (220,102,249,140) (260,111,297,154) (264,150,302,194)
"00008":(8,110,42,146) (44,74,68,102) (98,87,126,114) (146,95,177,134) (216,99,244,140) (256,112,292,155) (260,156,293,197)
"00009":(8,110,37,146) (44,78,66,106) (100,88,124,118) (144,98,172,134) (216,100,242,134) (252,112,290,150) (256,151,298,190)
"00010":(256,111,294,154) (212,98,241,132) (144,94,176,134) (93,86,126,114) (36,76,64,108) (6,112,44,143) (260,150,300,188)
"00011":(251,157,297,199) (250,120,293,162) (216,110,244,146) (147,102,183,138) (100,94,128,122) (40,84,68,112) (10,118,46,152)
"00012":(248,158,294,206) (244,124,284,166) (224,103,252,138) (142,107,171,142) (93,94,120,127) (37,91,63,115) (5,118,42,159)
"00013":(256,158,304,199) (244,122,284,166) (208,107,240,144) (138,106,172,142) (94,94,124,124) (32,86,60,116) (4,116,36,156)
"00014":(245,116,288,158) (208,106,232,142) (140,106,168,136) (96,92,123,123) (34,82,60,114) (12,124,44,163) (249,154,296,195)
"00015":(248,110,284,150) (209,95,240,134) (140,94,169,130) (98,82,124,112) (35,71,63,102) (14,112,49,150) (250,150,293,190)
"00016":(250,147,292,191) (237,106,272,148) (208,99,236,131) (142,94,170,131) (100,83,124,114) (37,75,61,106) (12,111,50,151)
"00017":(252,146,296,190) (246,106,282,148) (210,95,237,131) (140,90,168,126) (100,79,124,110) (37,74,60,102) (17,110,50,146)
"00018":(250,139,293,186) (246,102,280,146) (208,90,233,127) (137,90,168,127) (100,76,124,108) (44,70,70,102) (12,106,46,146)
"00019":(250,140,292,183) (244,106,274,147) (232,87,260,122) (136,94,164,126) (97,78,122,108) (44,74,72,104) (12,110,48,144)
"00020":(244,150,289,198) (240,114,270,156) (221,94,245,128) (130,100,160,134) (90,87,116,114) (40,82,68,110) (5,116,41,150)
"00021":(248,154,290,198) (236,118,269,159) (222,98,246,130) (130,103,158,138) (96,90,120,115) (40,79,68,110) (8,118,44,155)
"00022":(248,154,288,196) (236,120,270,160) (221,98,252,135) (131,98,163,134) (93,90,118,122) (36,78,64,107) (4,114,34,148)
"00023":(244,156,288,199) (238,122,268,162) (222,103,252,138) (130,100,160,134) (92,91,120,120) (36,82,64,111) (-1,114,34,156)
"00024":(265,168,302,214) (264,136,294,176) (244,115,273,154) (112,104,136,134) (60,94,88,126) (22,126,54,166) (148,118,181,156)
"00025":(264,164,304,206) (252,131,285,174) (238,110,265,142) (149,113,176,149) (106,102,134,132) (56,94,81,126) (16,124,49,164)
"00026":(246,128,284,166) (236,103,268,138) (145,102,176,134) (104,92,130,126) (56,81,84,113) (12,112,49,156) (261,158,301,198)
"00027":(260,155,300,203) (248,122,282,166) (240,102,268,138) (144,106,173,139) (108,94,132,126) (56,82,84,111) (14,114,48,154)
"00028":(256,154,300,203) (248,123,281,162) (236,106,264,134) (144,103,173,134) (104,96,132,126) (53,86,78,114) (12,116,48,156)
"00029":(256,158,300,210) (246,128,281,166) (236,106,261,142) (142,106,173,140) (105,96,130,124) (52,86,76,114) (12,115,44,154)
"00030":(248,162,286,203) (240,126,272,170) (232,104,258,138) (136,106,165,138) (101,94,124,126) (48,82,68,112) (12,115,44,150)
"00031":(252,154,292,195) (245,122,282,156) (228,102,261,138) (140,102,168,134) (95,94,122,124) (44,82,69,114) (10,112,41,147)
"00032":(253,148,296,190) (252,116,286,152) (228,98,261,135) (136,98,170,130) (98,87,126,118) (45,78,77,114) (4,106,44,142)
"00033":(252,115,288,151) (228,99,256,134) (136,95,165,130) (89,90,118,120) (45,76,69,108) (6,103,37,142) (248,154,296,199)
"00034":(237,160,281,203) (240,123,278,158) (218,106,246,138) (132,102,160,138) (96,98,120,126) (40,84,62,118) (0,114,28,154)
"00035":(240,146,278,188) (244,115,276,151) (224,94,252,130) (136,90,164,126) (94,83,120,110) (40,71,64,98) (-1,100,28,139)
"00036":(262,175,304,214) (262,138,296,174) (236,122,265,154) (148,115,174,154) (106,110,132,138) (50,100,76,127) (10,130,42,166)
"00037":(261,176,304,218) (257,140,296,180) (234,124,264,158) (142,114,172,150) (108,111,135,143) (52,103,77,134) (8,134,48,178)
"00038":(257,172,294,218) (253,142,294,178) (226,123,258,159) (140,118,170,154) (102,114,128,142) (48,102,72,134) (8,130,42,172)
"00039":(256,174,298,218) (250,138,292,178) (226,122,256,162) (141,118,172,150) (101,110,130,142) (46,102,73,132) (8,134,45,171)
"00040":(250,174,298,218) (248,140,284,179) (218,127,248,166) (136,118,165,154) (96,111,121,139) (41,98,68,132) (4,131,36,170)
"00041":(252,183,297,230) (246,152,285,190) (214,138,244,174) (136,126,168,158) (94,118,124,150) (40,114,68,138) (2,142,40,178)
"00042":(252,166,292,210) (248,136,288,174) (220,118,252,154) (140,114,170,154) (104,106,128,134) (44,98,70,127) (12,138,46,178)
"00043":(261,170,304,210) (262,134,296,174) (228,120,260,158) (145,114,172,150) (104,103,133,136) (52,98,80,126) (4,123,36,162)
"00044":(258,166,296,210) (260,135,294,174) (232,122,260,154) (148,110,176,146) (109,102,132,134) (53,94,78,122) (9,120,44,155)
"00045":(268,166,300,206) (266,134,300,174) (230,116,260,154) (148,110,178,142) (114,100,135,127) (57,88,78,114) (14,118,44,154)
"00046":(268,166,304,212) (262,135,300,182) (236,119,260,150) (150,108,177,138) (109,102,137,132) (57,90,81,122) (12,118,48,155)
"00047":(264,166,300,212) (261,132,298,172) (237,121,264,156) (150,122,174,156) (112,103,136,130) (56,94,81,122) (10,118,48,158)
"00048":(263,163,301,209) (262,132,298,170) (246,112,272,146) (149,115,177,149) (112,100,140,125) (59,86,82,116) (10,115,48,154)
"00049":(264,154,304,198) (260,126,297,164) (233,110,264,146) (146,106,177,145) (110,91,135,121) (56,80,84,112) (9,110,44,150)
"00050":(268,152,298,199) (260,122,297,162) (236,106,270,142) (144,107,174,139) (108,91,140,126) (37,90,61,120) (10,108,44,144)
"00051":(262,160,300,202) (268,126,301,162) (234,110,264,142) (145,112,176,146) (108,92,140,126) (48,87,76,122) (6,108,44,147)
"00052":(264,158,301,207) (258,128,298,168) (233,112,262,150) (152,98,184,138) (110,94,140,126) (57,87,80,118) (10,110,42,148)
"00053":(265,162,301,206) (264,130,300,171) (234,114,265,154) (149,111,179,144) (109,99,140,130) (56,88,84,118) (9,111,48,152)
"00054":(264,162,301,206) (262,130,300,166) (237,118,266,148) (150,114,176,148) (112,98,140,128) (60,90,84,119) (13,114,44,146)
"00055":(264,163,301,206) (264,134,300,168) (237,118,264,154) (146,112,177,150) (112,96,141,128) (60,88,88,122) (10,114,48,154)
"00056":(266,163,300,210) (264,130,304,168) (240,118,265,150) (148,115,180,150) (104,106,133,135) (57,91,84,122) (6,114,44,154)
"00057":(264,162,300,210) (256,135,294,170) (236,118,270,152) (148,115,176,152) (99,107,124,139) (55,92,82,124) (8,114,44,154)
"00058":(276,178,301,214) (270,142,301,179) (241,127,272,170) (156,127,182,158) (108,121,134,148) (69,102,92,132) (20,126,50,160)
"00059":(269,176,300,210) (268,142,301,178) (244,126,269,167) (156,122,184,158) (109,118,140,150) (64,102,89,132) (30,134,60,171)
"00060":(257,168,300,214) (270,138,300,168) (226,127,256,163) (142,126,172,156) (108,114,132,146) (53,108,77,138) (16,138,52,175)
"00061":(256,167,300,210) (228,130,262,175) (140,126,174,162) (108,118,134,144) (50,107,78,138) (16,138,56,178)
"00062":(260,166,300,210) (231,128,270,175) (148,111,180,146) (112,110,140,140) (56,103,84,130) (21,130,60,166)
"00063":(249,156,292,202) (224,136,256,172) (140,112,165,146) (100,114,129,142) (52,104,74,128) (16,134,46,168)
"00064":(254,171,304,211) (233,145,261,184) (144,126,174,158) (108,126,134,151) (49,118,76,144) (18,146,56,178)
"00065":(253,170,301,210) (230,146,268,182) (144,123,172,158) (108,124,136,152) (56,115,80,146) (18,143,56,178)
"00066":(264,175,300,212) (236,156,272,194) (152,132,181,166) (104,132,132,162) (64,126,86,154) (28,154,64,190)
"00067":(256,183,301,211) (232,158,268,198) (148,138,174,170) (112,134,134,158) (60,130,81,154) (28,154,60,194)
"00068":(257,186,301,212) (230,162,266,202) (149,146,178,178) (114,142,141,170) (60,134,84,162) (25,162,60,194)
"00069":(257,147,292,180) (254,178,298,212) (228,142,254,178) (140,135,172,168) (105,131,132,156) (56,123,80,151) (20,150,56,190)
"00070":(253,171,296,210) (260,143,300,174) (232,142,256,174) (144,130,173,163) (108,124,136,158) (60,127,89,154) (20,148,58,183)
"00071":(258,162,300,211) (264,138,297,167) (230,130,260,166) (141,123,168,160) (112,118,134,146) (62,119,88,142) (20,142,60,180)
"00072":(247,167,291,210) (252,142,292,170) (224,138,249,171) (134,138,161,170) (108,124,132,150) (56,126,84,150) (13,146,52,184)
"00073":(252,164,292,207) (257,134,294,167) (224,132,254,171) (136,130,164,166) (108,122,133,150) (57,119,84,148) (16,146,52,184)
"00074":(250,158,298,202) (240,135,280,174) (216,126,241,166) (136,124,168,162) (98,112,124,144) (56,110,80,139) (12,139,48,172)
"00075":(260,154,302,196) (253,130,285,163) (222,124,253,163) (144,118,173,152) (108,112,132,138) (60,102,82,132) (24,130,68,170)
"00076":(248,166,297,211) (241,142,276,182) (212,135,242,176) (136,134,164,168) (98,127,125,156) (48,123,72,150) (13,151,54,186)
"00077":(244,174,296,210) (240,148,276,187) (208,143,237,182) (136,140,164,178) (96,130,124,156) (44,126,73,154) (8,150,45,190)
"00078":(244,178,274,222) (236,155,272,187) (208,150,232,182) (138,138,168,172) (96,134,118,164) (40,127,64,154) (5,154,41,194)
"00079":(241,186,277,226) (228,162,260,202) (204,154,228,190) (129,150,156,186) (92,139,118,168) (44,131,72,166) (6,160,48,204)
"00080":(248,171,292,210) (236,147,272,186) (216,140,241,176) (137,134,164,166) (102,124,130,158) (60,118,84,150) (16,146,50,184)
"00081":(253,174,296,211) (240,148,273,183) (225,135,252,172) (138,134,164,164) (104,126,129,154) (56,118,84,146) (12,146,52,179)
"00082":(249,175,298,212) (233,152,272,187) (216,140,241,176) (136,139,164,172) (104,127,128,158) (48,126,76,155) (12,150,49,186)
"00083":(244,178,276,223) (234,152,268,192) (208,150,233,182) (136,146,164,174) (100,132,128,159) (46,127,72,155) (9,150,48,187)
"00084":(242,180,276,223) (228,160,265,198) (204,150,228,186) (130,147,156,183) (101,138,126,166) (44,134,70,158) (9,151,44,194)
"00085":(242,178,272,226) (229,154,266,194) (204,150,229,186) (130,143,156,178) (97,133,122,162) (45,132,72,165) (8,155,44,194)
"00086":(244,176,277,222) (242,150,277,182) (208,146,236,182) (132,140,160,174) (100,131,124,158) (46,126,72,155) (12,146,42,182)
"00087":(248,175,276,220) (242,150,277,183) (212,147,240,182) (132,139,159,170) (104,130,124,158) (46,121,72,155) (12,150,44,186)
"00088":(248,171,276,226) (225,158,257,198) (212,150,236,182) (134,135,162,172) (101,129,124,161) (48,126,74,158) (12,150,45,190)
"00089":(242,174,276,222) (220,154,252,198) (213,146,236,174) (134,139,160,172) (100,131,124,160) (46,126,70,156) (12,150,46,190)
"00090":(246,172,284,214) (224,158,256,194) (216,146,241,172) (136,140,168,170) (104,130,130,155) (49,130,78,156) (16,154,52,187)
"00091":(242,178,276,228) (218,166,250,204) (208,150,232,182) (128,146,156,175) (96,131,120,160) (42,134,68,164) (9,160,40,194)
"00092":(241,174,290,215) (217,159,249,196) (208,148,232,175) (128,142,156,174) (96,130,124,158) (44,130,68,159) (12,156,48,191)
"00093":(252,170,289,210) (224,154,256,192) (134,134,162,166) (102,127,130,154) (50,126,80,158) (16,150,48,187)
"00094":(248,170,296,214) (224,159,256,202) (210,146,236,182) (136,134,162,170) (104,132,128,160) (52,132,76,160) (17,154,49,191)
"00095":(248,170,296,214) (266,143,304,182) (230,138,262,174) (135,133,165,169) (106,127,131,152) (49,126,76,154) (16,150,52,194)
"00096":(245,174,274,222) (265,154,300,190) (208,146,236,182) (132,136,160,174) (102,130,126,158) (48,132,72,162) (13,154,48,194)
"00097":(244,176,276,223) (265,152,300,190) (212,150,238,182) (134,138,164,174) (104,132,126,162) (47,131,70,157) (13,152,44,194)
"00098":(244,175,273,227) (266,150,300,192) (216,149,244,184) (135,138,165,174) (104,130,130,164) (48,130,76,162) (16,154,48,199)
"00099":(248,170,288,214) (265,144,300,190) (216,146,244,183) (134,134,164,170) (100,130,130,166) (48,130,76,163) (8,151,52,195)
"00100":(13,150,49,190) (52,128,77,158) (100,130,121,160) (132,130,153,166) (212,146,242,188) (245,167,280,215) (265,146,300,182)
"00101":(246,171,278,222) (264,146,300,186) (214,146,241,180) (136,131,164,162) (104,126,125,159) (52,130,76,160) (16,150,48,191)
"00102":(246,168,289,207) (268,146,300,178) (216,146,248,180) (136,130,164,162) (96,123,120,155) (50,128,72,154) (8,138,40,168)
"00103":(246,170,296,210) (264,142,302,186) (216,142,246,179) (134,130,165,166) (98,127,126,158) (50,126,74,156) (10,136,40,174)
"00104":(248,170,298,210) (268,144,300,186) (213,142,242,178) (136,130,165,166) (96,127,125,156) (50,128,76,154) (12,138,40,174)
"00105":(252,168,301,210) (272,142,301,182) (228,136,256,170) (140,130,168,163) (105,126,131,158) (56,127,81,154) (12,139,44,174)
"00106":(254,171,300,208) (266,142,301,178) (221,139,252,175) (137,134,168,170) (100,131,125,158) (56,130,80,158) (13,142,44,174)
"00107":(248,168,296,210) (268,146,300,182) (226,138,252,176) (136,132,164,168) (100,128,124,156) (56,130,76,156) (10,138,42,179)
"00108":(256,162,300,206) (268,138,301,176) (228,134,254,171) (141,124,169,158) (104,122,129,155) (56,122,80,154) (17,139,53,178)
"00109":(256,171,297,211) (268,146,304,174) (224,139,252,176) (140,134,168,166) (104,130,130,162) (57,132,80,162) (12,144,44,182)
"00110":(249,171,276,215) (264,147,298,178) (224,142,250,178) (137,134,164,162) (100,132,124,162) (53,132,80,160) (9,142,38,178)
"00111":(252,170,288,207) (262,144,296,174) (224,142,248,178) (140,131,164,164) (101,130,124,159) (54,132,77,160) (9,142,40,178)
"00112":(245,166,295,208) (260,144,300,172) (221,138,253,174) (136,131,164,163) (100,128,124,160) (54,130,84,162) (9,142,41,178)
"00113":(246,168,297,206) (273,142,301,184) (220,139,249,179) (136,138,160,171) (100,126,126,155) (53,130,76,155) (8,142,40,178)
"00114":(256,174,300,212) (268,150,302,180) (228,136,260,176) (144,138,168,171) (108,127,136,159) (60,128,89,163) (12,138,57,178)
"00115":(254,182,274,230) (265,158,298,187) (228,150,256,186) (144,140,172,171) (106,134,132,166) (60,136,84,162) (16,146,49,182)
"00116":(258,174,304,210) (273,151,304,182) (229,143,257,182) (152,136,178,170) (112,130,134,156) (68,128,88,158) (20,142,54,178)
"00117":(264,184,302,211) (276,158,304,186) (232,154,268,191) (152,142,180,174) (112,137,136,166) (70,136,96,162) (25,146,58,184)
"00118":(248,170,278,219) (261,150,298,182) (224,142,252,178) (138,131,166,167) (96,126,124,158) (48,124,74,156) (6,140,40,174)
"00119":(252,167,297,212) (264,143,300,178) (225,139,253,178) (140,130,168,166) (102,126,126,154) (56,118,80,150) (6,135,40,170)
"00120":(252,163,300,210) (222,136,256,170) (144,130,174,164) (104,123,129,154) (60,119,84,151) (8,134,42,171)
"00121":(261,174,302,210) (232,135,265,174) (152,130,180,162) (108,122,137,155) (64,118,93,151) (8,135,46,174) (272,147,301,179)
"00122":(14,134,48,172) (66,123,90,151) (109,127,132,154) (152,130,181,164) (236,138,264,167) (272,142,304,178) (262,166,296,206)
"00123":(6,143,42,174) (64,128,89,155) (105,135,130,159) (148,138,176,166) (228,146,256,172) (265,151,300,179) (260,178,300,210)
"00124":(281,154,301,186) (252,178,300,206) (228,147,258,178) (149,138,176,167) (104,134,134,166) (66,131,92,156) (8,144,41,178)
"00125":(256,178,302,210) (272,154,300,186) (228,150,256,182) (144,146,176,176) (104,134,130,162) (62,132,88,160) (8,143,46,179)
"00126":(248,170,300,210) (273,142,302,180) (224,138,250,175) (140,131,168,163) (97,127,124,158) (52,126,76,154) (5,138,40,174)
"00127":(244,170,296,210) (272,143,301,186) (224,142,249,178) (141,137,169,169) (100,127,124,159) (58,127,84,155) (2,138,37,178)
"00128":(268,146,300,184) (248,164,294,206) (221,138,252,180) (140,134,170,166) (97,126,124,159) (56,128,84,158) (4,135,36,174)
"00129":(252,164,298,202) (272,142,301,182) (221,136,250,178) (140,132,169,166) (97,122,124,154) (58,123,85,155) (4,132,40,174)
"00130":(256,174,298,214) (277,148,301,186) (224,146,252,182) (144,138,176,174) (104,130,132,166) (62,130,92,163) (5,142,48,182)
"00131":(252,174,276,222) (277,151,301,194) (232,148,260,186) (149,138,176,174) (110,135,137,164) (56,130,82,156) (0,148,36,184)
"00132":(256,166,300,214) (276,142,300,174) (232,138,260,174) (148,132,180,163) (110,126,138,154) (56,122,84,151) (4,138,41,180)
"00133":(241,154,274,186) (272,186,302,214) (154,151,188,186) (126,144,149,174) (74,140,98,170) (16,154,53,194)
"00134":(261,166,300,210) (280,139,302,170) (236,138,264,170) (146,134,172,170) (112,126,140,158) (60,124,88,155) (8,142,44,182)
"00135":(256,162,296,212) (276,138,301,174) (228,138,260,172) (141,134,169,176) (95,126,121,162) (61,122,84,154) (1,140,36,182)
"00136":(256,167,300,212) (276,140,301,179) (236,142,262,178) (141,136,172,170) (100,134,124,163) (64,127,89,154) (4,142,38,182)
"00137":(256,167,304,210) (276,143,302,174) (232,138,258,174) (144,128,174,166) (97,130,121,163) (64,126,92,152) (4,134,34,178)
"00138":(260,164,300,206) (236,138,262,172) (150,136,177,171) (105,130,132,158) (58,127,88,158) (6,142,45,184) (272,146,300,174)
"00139":(256,170,302,210) (264,148,300,178) (228,138,256,175) (144,134,172,171) (101,130,129,158) (60,128,85,158) (6,144,40,179)
"00140":(248,150,296,203) (224,139,256,174) (141,134,168,162) (101,126,128,158) (58,131,89,162) (8,142,44,178)
"00141":(261,154,305,202) (232,142,260,179) (148,138,180,174) (108,128,132,158) (60,124,84,155) (10,142,41,175)
"00142":(250,154,296,210) (225,142,253,174) (141,138,168,172) (102,130,128,163) (54,122,82,155) (8,142,38,178)
"00143":(260,166,300,208) (236,142,261,178) (144,131,177,166) (108,122,128,151) (56,122,77,148) (9,134,42,174)
"00144":(258,168,300,208) (238,142,264,184) (145,132,172,162) (108,128,130,155) (56,126,81,154) (8,139,41,178)
"00145":(258,166,300,207) (234,144,261,178) (148,146,174,182) (100,134,124,166) (61,132,84,164) (8,148,41,190)
"00146":(276,139,300,176) (256,160,293,202) (228,134,253,170) (142,133,166,170) (96,127,120,154) (57,126,80,154) (12,144,48,178)
"00147":(250,166,298,206) (272,139,302,178) (228,138,252,171) (140,138,168,174) (99,127,127,164) (56,124,85,159) (16,142,48,178)
"00148":(225,142,257,182) (144,142,170,174) (103,133,128,162) (61,130,81,159) (17,148,45,182) (254,171,296,210) (276,146,302,184)
"00149":(254,166,300,206) (273,146,300,180) (230,140,258,175) (144,138,172,168) (106,130,132,160) (58,127,80,154) (16,150,48,186)
"00150":(250,163,300,207) (226,134,257,172) (140,134,172,166) (105,120,129,150) (60,122,86,150) (14,138,48,175)
"00151":(252,154,298,204) (228,130,257,162) (141,126,169,159) (104,116,132,147) (56,116,84,144) (17,134,48,170)
"00152":(252,162,300,202) (277,138,300,176) (228,130,254,168) (141,132,168,166) (102,123,128,150) (60,119,81,147) (14,138,44,171)
"00153":(252,171,298,210) (278,147,300,182) (228,144,252,174) (135,139,175,179) (102,135,128,166) (58,135,85,158) (13,146,44,182)
"00154":(234,150,261,182) (277,152,301,191) (252,174,296,210) (136,142,164,174) (100,142,122,164) (60,135,81,162) (14,154,40,186)
"00155":(248,174,292,207) (276,146,300,190) (228,138,256,174) (128,139,156,174) (98,134,120,162) (49,126,72,155)
"00156":(256,170,300,207) (282,146,300,182) (236,134,262,170) (144,132,168,166) (106,130,128,156) (62,129,86,149) (12,138,40,176)
"00157":(260,176,300,210) (282,151,302,182) (241,148,269,176) (144,140,172,172) (108,138,132,164) (69,136,88,160) (13,150,44,184)
"00158":(252,174,301,212) (276,151,300,182) (240,142,265,174) (148,136,174,166) (110,134,130,162) (64,130,84,154) (18,146,47,179)
"00159":(242,150,272,186) (152,143,180,178) (112,142,134,170) (68,138,90,166) (22,151,53,190) (257,178,300,214)
"00160":(252,179,300,212) (277,158,301,187) (237,150,272,182) (148,144,172,178) (110,143,132,171) (64,139,85,167) (20,155,48,190)
"00161":(281,160,301,192) (256,180,300,210) (240,151,265,180) (148,146,173,178) (110,140,132,168) (54,142,78,166) (20,156,46,190)
"00162":(249,178,298,210) (276,152,301,194) (233,150,262,178) (142,146,168,176) (105,138,128,166) (59,135,79,166) (16,154,48,186)
"00163":(246,178,290,208) (270,154,300,190) (226,148,256,178) (142,140,170,171) (100,140,124,166) (46,142,70,166) (10,155,41,186)
"00164":(256,174,302,214) (280,150,302,180) (236,144,264,174) (136,138,166,175) (105,138,132,166) (61,136,84,160) (17,152,46,186)
"00165":(256,178,300,210) (241,146,272,182) (137,146,164,178) (112,139,132,167) (60,138,84,164) (16,151,48,187)
"00166":(244,167,280,198) (252,184,298,211) (234,152,260,179) (136,150,164,180) (106,146,128,168) (58,144,78,170) (16,154,44,190)
"00167":(254,174,298,212) (241,155,276,188) (228,143,254,175) (136,139,164,174) (104,138,128,166) (57,138,80,162) (12,150,40,182)
"00168":(254,172,300,211) (250,151,288,176) (225,146,252,179) (138,136,168,177) (106,134,135,164) (44,127,76,160) (20,146,52,180)
"00169":(252,170,298,206) (284,146,302,187) (236,140,260,176) (140,138,168,171) (106,133,130,161) (12,146,46,182)
"00170":(256,170,300,208) (229,144,256,178) (131,138,160,167) (109,130,131,155) (14,142,49,179)
"00171":(168,62,212,111) (32,46,78,104)
"00172":(217,138,244,168) (172,139,196,160) (76,123,96,150) (44,142,69,170)
"00173":(229,131,252,160) (184,130,204,152) (81,116,100,138) (36,134,60,166)
"00174":(215,145,247,177) (198,131,221,158) (108,113,132,135) (30,127,52,159)
"00175":(224,148,253,175) (212,134,233,156) (120,114,141,138) (44,127,61,155)
"00176":(229,134,256,164) (212,124,230,147) (122,106,144,130) (45,119,64,144)
"00177":(232,140,257,170) (212,132,230,155) (124,115,144,138) (48,130,65,158)
"00178":(240,146,264,174) (218,138,236,162) (130,122,148,144) (50,134,68,164)
"00179":(230,148,256,178) (210,139,228,162) (124,123,142,147) (41,136,62,166)
"00180":(44,134,64,162) (124,126,141,143) (212,136,228,162) (230,147,256,178)
"00181":(236,143,258,170) (206,138,225,162) (120,118,136,138) (40,134,57,158)
"00182":(236,146,262,176) (210,139,228,162) (125,115,142,140) (37,128,60,154)
"00183":(236,142,260,167) (204,134,224,158) (120,110,137,134) (36,124,57,150)
"00184":(233,126,258,154) (209,118,229,142) (120,98,140,122) (34,110,57,138)
"00185":(234,134,264,164) (205,126,228,146) (124,107,142,130) (38,116,64,142)
"00186":(232,142,260,166) (200,129,224,156) (124,111,142,134) (40,119,60,147)
"00187":(224,142,248,171) (200,134,224,155) (113,114,134,136) (21,123,44,151)
"00188":(228,142,254,170) (204,134,224,154) (120,114,136,135) (25,126,49,152)
"00189":(225,148,253,180) (200,136,224,163) (116,118,134,140) (24,127,48,158)
"00190":(229,147,257,182) (202,138,224,160) (118,121,138,144) (30,132,56,162)
"00191":(228,146,250,170) (204,134,224,159) (116,114,136,138) (28,127,52,158)
"00192":(232,146,256,174) (206,138,230,160) (120,114,140,138) (32,128,54,158)
"00193":(245,134,275,164) (220,127,244,150) (133,106,156,130) (44,115,68,147)
"00194":(240,138,272,172) (212,135,237,159) (130,111,152,134) (42,115,68,146)
"00195":(234,135,259,167) (212,128,233,160) (124,108,148,136) (34,118,61,147)
"00196":(236,142,260,172) (208,136,229,164) (130,115,148,142) (35,126,61,155)
"00197":(231,138,262,174) (208,135,229,162) (128,114,149,138) (32,126,55,154)
"00198":(232,139,260,174) (204,139,224,162) (126,116,145,138) (28,126,53,152)
"00199":(228,146,256,175) (212,138,232,162) (122,114,145,139) (28,130,54,158)
"00200":(232,144,258,171) (214,134,232,159) (128,110,144,130) (28,126,52,154)
"00201":(230,139,257,172) (209,130,228,158) (124,107,140,132) (32,123,54,150)
"00202":(225,134,254,166) (202,124,224,152) (120,102,140,130) (16,111,40,146)
"00203":(232,146,256,178) (209,139,232,171) (124,116,144,139) (28,130,53,158)
"00204":(244,132,268,166) (218,126,238,154) (132,106,152,127) (38,122,57,150)
"00205":(233,136,258,166) (209,128,228,156) (124,106,141,130) (14,130,44,156)
"00206":(241,138,269,167) (220,130,242,154) (133,106,154,127) (32,118,58,146)
"00207":(240,136,264,168) (214,130,236,158) (130,106,148,130) (36,122,60,150)
"00208":(224,138,249,170) (202,131,223,158) (120,102,136,126) (70,119,92,146)
"00209":(233,139,264,167) (213,130,232,155) (133,108,150,126) (54,115,78,140)
"00210":(234,135,262,162) (212,130,232,155) (127,102,153,125) (53,112,76,142)
"00211":(240,128,268,154) (212,126,236,151) (129,101,149,122) (56,110,78,139) (48,62,68,86)
"00212":(241,127,265,152) (216,119,240,144) (132,98,154,122) (56,108,73,138) (40,66,64,94)
"00213":(245,134,276,160) (221,128,244,151) (140,106,157,126) (64,114,80,140) (20,126,45,156)
"00214":(246,130,269,155) (220,122,242,151) (132,102,152,123) (65,111,85,142) (20,126,44,154)
"00215":(246,130,270,158) (221,122,241,150) (136,102,156,126) (70,112,88,142) (21,126,48,156)
"00216":(240,126,269,158) (220,122,240,146) (132,100,152,124) (64,110,84,132) (20,123,44,154)
"00217":(240,126,270,158) (216,122,236,146) (128,99,148,122) (62,104,81,132) (8,122,34,151)
"00218":(244,131,276,164) (224,124,246,150) (136,106,156,127) (64,110,85,136) (17,128,44,156)
"00219":(238,130,265,159) (216,130,238,155) (133,104,152,130) (58,112,76,146) (13,130,44,158)
"00220":(248,113,278,150) (226,115,245,142) (149,103,168,130) (68,104,88,135) (32,122,58,154)
"00221":(246,118,272,150) (224,115,248,146) (138,91,158,119) (65,107,86,138) (29,117,57,150)
"00222":(248,118,277,152) (230,115,248,144) (135,97,155,124) (68,107,87,132) (32,122,56,148)
"00223":(258,122,284,154) (236,119,259,147) (142,102,164,123) (73,113,95,141) (37,124,61,148)
"00224":(254,131,276,162) (232,126,252,158) (140,108,160,132) (70,114,90,142) (31,124,56,155)
"00225":(253,119,282,157) (234,118,253,148) (142,100,164,121) (72,105,97,134) (30,117,58,148)
"00226":(250,123,279,157) (228,117,254,147) (138,101,164,124) (70,110,91,142) (29,123,57,154)
"00227":(245,121,274,154) (225,119,245,146) (134,101,156,126) (58,111,84,145) (20,120,50,153)
"00228":(245,122,277,160) (239,114,258,139) (137,101,159,127) (61,109,86,144) (22,119,53,150)
"00229":(247,121,278,156) (228,116,250,142) (137,101,161,126) (59,112,87,140) (28,121,52,150)
"00230":(246,117,274,152) (228,113,249,140) (136,95,156,120) (57,105,82,134) (21,114,50,148)
"00231":(247,127,273,157) (226,123,248,151) (138,104,157,132) (60,115,83,144) (20,134,51,166)
"00232":(264,127,291,158) (240,121,260,150) (150,105,170,128) (74,114,98,144) (38,124,62,155)
"00233":(256,129,281,163) (233,122,254,145) (144,108,166,132) (68,116,93,143) (33,123,61,156)
"00234":(258,123,289,161) (237,121,257,146) (152,106,172,128) (71,118,94,144) (43,126,73,157)
"00235":(250,126,276,155) (236,121,252,145) (148,105,168,128) (73,116,93,144) (37,124,63,153)
"00236":(250,123,277,155) (237,118,255,143) (151,102,171,126) (71,112,96,145) (38,126,66,156)
"00237":(250,120,276,153) (236,113,255,142) (149,98,165,120) (68,107,92,138) (39,121,68,152)
"00238":(250,127,278,159) (230,126,258,151) (144,107,164,131) (62,113,83,141) (32,125,57,157)
"00239":(253,126,278,159) (237,118,253,151) (146,103,168,133) (65,113,89,141) (34,124,61,155)
"00240":(250,124,277,160) (233,124,250,147) (145,109,164,132) (64,117,86,144) (38,128,59,160)
"00241":(249,121,273,150) (234,117,249,143) (146,101,165,126) (60,109,78,136) (34,125,60,152)
"00242":(253,122,277,154) (237,118,254,143) (148,104,169,127) (63,108,83,139) (41,126,63,153)
"00243":(259,122,285,153) (239,118,257,146) (151,104,171,127) (65,108,86,137) (40,123,64,153)
"00244":(256,125,285,156) (238,118,259,145) (154,102,172,125) (59,106,78,138) (42,121,67,153)
"00245":(256,117,283,151) (240,110,259,145) (151,98,171,122) (65,105,86,138) (41,121,67,148)
"00246":(257,121,282,154) (239,119,260,146) (151,100,168,126) (64,111,86,137) (38,122,67,151)
"00247":(253,129,280,162) (234,123,253,154) (150,112,169,135) (58,115,79,146) (38,128,61,158)
"00248":(242,135,274,164) (228,126,247,149) (143,120,167,141) (58,119,82,145) (29,133,56,159)
"00249":(235,121,260,150) (221,114,240,136) (137,98,157,120) (55,106,75,130) (26,123,47,152)
"00250":(235,126,258,155) (221,118,237,142) (136,101,158,122) (57,109,78,136) (24,125,47,153)
"00251":(235,131,263,160) (220,121,238,144) (139,106,160,130) (56,112,77,138) (18,127,45,157)
"00252":(242,125,271,156) (227,116,246,137) (147,101,168,120) (64,107,88,134) (22,126,49,155)
"00253":(250,124,273,153) (227,118,248,142) (150,104,170,126) (70,113,89,138) (22,132,48,162)
"00254":(235,126,266,164) (218,118,240,143) (132,109,159,133) (50,116,77,145) (6,130,37,161)
"00255":(246,130,277,159) (224,126,245,151) (143,110,164,131) (59,121,80,148) (19,137,45,162)
"00256":(240,137,268,169) (221,129,240,159) (129,111,148,132) (59,123,81,149) (18,138,40,166)
"00257":(242,138,267,166) (224,130,242,158) (134,110,154,131) (74,120,93,149) (17,135,45,165)
"00258":(249,138,273,165) (225,134,247,158) (135,113,156,135) (70,126,93,153) (20,140,51,169)
"00259":(240,116,265,144) (219,112,240,135) (134,89,152,110) (60,103,81,128) (13,121,39,150)
"00260":(244,113,268,141) (222,106,243,130) (145,83,166,108) (66,96,84,126) (17,115,46,146)
"00261":(249,128,274,153) (228,119,248,144) (145,95,166,118) (70,112,93,136) (35,129,62,158)
"00262":(242,133,269,161) (220,124,241,149) (135,101,156,122) (58,114,82,140) (17,129,46,160)
"00263":(242,122,270,152) (219,115,243,142) (142,98,161,120) (61,113,86,137) (15,126,43,155)
"00264":(237,122,266,155) (214,120,234,144) (130,102,150,128) (36,110,62,140) (14,130,41,156)
"00265":(271,133,304,164) (221,121,246,146) (94,124,117,148) (72,134,100,160) (20,134,49,166)
"00266":(254,130,286,164) (217,126,241,148) (133,111,152,131) (66,128,92,154) (19,140,50,168)
"00267":(275,136,301,170) (218,127,246,151) (124,106,146,132) (60,136,85,159) (23,140,49,168)
"00268":(270,132,298,166) (214,124,234,147) (125,105,144,126) (41,119,65,143) (15,135,40,163)
"00269":(276,147,300,177) (218,135,239,159) (129,118,148,142) (48,132,73,162) (17,148,44,178)
"00270":(272,143,297,174) (210,135,232,154) (125,120,143,140) (44,129,68,155) (15,146,40,174)
"00271":(270,143,296,172) (210,131,232,152) (123,114,141,137) (43,124,63,153) (11,139,35,170)
"00272":(273,146,300,176) (212,136,234,158) (126,115,147,138) (43,127,70,156) (18,148,46,179)
"00273":(256,152,288,188) (235,139,259,165) (185,104,206,130) (48,125,74,154)
"00274":(146,74,164,94) (193,108,214,131) (253,136,276,159) (260,159,289,185) (56,122,84,150)
"00275":(273,142,298,179) (254,127,275,150) (218,100,240,123) (126,64,143,88) (53,108,78,135)
"00276":(270,148,299,184) (257,133,280,158) (204,108,226,129) (112,110,130,137) (50,118,76,143)
"00277":(272,161,299,196) (257,145,280,169) (218,122,241,145) (111,124,132,148) (58,130,82,160)
"00278":(256,164,288,201) (243,150,266,180) (189,124,212,148) (96,128,119,154) (42,136,67,161)
"00279":(267,159,299,195) (245,144,271,175) (192,119,215,145) (99,123,120,151) (46,131,71,160)
"00280":(266,157,296,192) (249,141,272,168) (196,116,217,141) (109,123,129,150) (52,130,77,158)
"00281":(267,162,297,199) (249,147,272,174) (194,122,219,148) (112,126,132,152) (52,132,78,159)
"00282":(263,170,296,204) (247,152,273,177) (193,127,218,152) (109,129,129,157) (49,136,73,167)
"00283":(269,170,295,205) (255,155,279,180) (197,130,223,155) (105,131,129,157) (61,142,87,173)
"00284":(277,175,304,209) (259,160,283,186) (203,134,226,162) (119,138,136,164) (64,148,88,175)
"00285":(261,178,294,208) (247,160,274,187) (193,135,217,161) (105,138,127,166) (46,144,73,176)
"00286":(259,167,291,206) (246,152,271,181) (194,126,215,159) (100,129,122,156) (50,137,76,165)
"00287":(256,155,293,191) (240,140,264,167) (185,116,209,144) (94,119,118,150) (41,128,68,160)
"00288":(258,152,289,189) (243,140,267,169) (187,113,214,142) (101,121,121,146) (40,128,66,159)
"00289":(262,153,291,188) (240,139,271,170) (194,113,221,139) (101,118,124,143) (44,123,71,154)
"00290":(256,163,293,201) (241,151,266,173) (191,122,216,154) (99,129,123,158) (42,135,69,167)
"00291":(260,161,293,197) (246,143,269,172) (200,117,221,146) (103,121,130,151) (42,124,68,158)
"00292":(269,163,296,202) (253,151,277,175) (201,124,225,154) (110,130,133,162) (46,137,76,170)
"00293":(258,156,289,198) (248,141,274,174) (193,117,219,149) (102,122,125,152) (43,131,69,162)
"00294":(268,148,297,194) (195,115,220,144) (105,112,131,146) (57,123,83,155)
"00295":(261,165,290,206) (279,152,302,191) (186,125,211,157) (98,133,124,162) (49,145,85,176)
"00296":(270,162,298,194) (243,172,274,211) (172,128,203,158) (87,136,114,166) (37,149,67,181)
"00297":(273,138,302,174) (252,153,283,191) (180,109,210,142) (92,114,119,147) (34,124,68,158)
"00298":(273,131,298,165) (249,147,280,184) (177,104,210,134) (90,108,114,138) (32,114,65,150)
"00299":(246,141,279,180) (235,123,260,154) (178,100,208,128) (86,104,116,130) (29,114,62,146)
"00300":(56,118,80,146) (109,110,129,134) (200,104,224,129) (268,143,296,182) (252,132,273,162)
"00301":(41,107,68,138) (96,98,120,126) (189,96,213,124) (236,130,260,158) (260,142,288,175)
"00302":(41,105,67,135) (98,98,120,126) (188,94,208,118) (254,122,282,142) (256,138,288,171)
"00303":(52,119,76,148) (109,112,129,139) (202,107,221,132) (244,131,268,162) (264,148,295,186)
"00304":(42,115,67,146) (100,110,123,135) (189,102,213,131) (245,127,273,158) (253,150,280,186)
"00305":(32,114,58,142) (98,106,120,132) (188,99,208,126) (232,134,260,162) (252,148,280,184)
"00306":(34,107,60,138) (92,103,112,131) (184,102,205,124) (220,140,248,162) (252,143,282,186)
"00307":(16,103,40,135) (76,95,96,126) (165,90,185,114) (232,110,258,139) (232,139,260,170)
"00308":(32,108,56,138) (88,102,112,127) (181,95,201,122) (236,123,266,154) (249,146,280,180)
"00309":(40,104,64,134) (94,98,120,124) (184,91,205,119) (242,114,268,146) (260,134,285,170)
"00310":(257,135,286,170) (244,111,272,144) (188,90,205,114) (96,95,118,122) (40,103,64,134)
"00311":(246,142,280,174) (236,122,260,151) (178,99,198,126) (88,104,112,135) (30,110,53,143)
"00312":(260,148,288,188) (244,127,276,156) (192,107,216,131) (102,110,125,138) (48,118,74,150)
"00313":(266,155,294,194) (252,138,278,166) (197,114,220,138) (109,114,132,146) (44,124,74,154)
"00314":(268,158,296,196) (257,138,280,170) (200,118,222,146) (112,122,133,151) (56,135,80,166)
"00315":(264,162,293,195) (252,142,278,174) (196,120,221,150) (104,124,124,154) (48,135,72,166)
"00316":(256,171,284,208) (241,150,268,176) (184,127,208,154) (93,130,116,163) (40,144,64,172)
"00317":(260,163,288,202) (246,146,272,174) (192,126,214,151) (101,127,124,158) (36,134,60,162)
"00318":(276,170,300,210) (257,150,284,178) (204,130,226,156) (113,134,137,164) (53,144,77,174)
"00319":(253,160,281,194) (256,142,282,166) (185,120,206,146) (96,127,116,154) (28,136,56,171)
"00320":(260,162,284,194) (256,139,280,166) (188,122,210,150) (101,126,122,150) (38,138,61,166)
"00321":(257,139,284,166) (193,130,213,151) (90,121,110,145) (48,130,74,156) (60,149,86,181)
"00322":(254,130,276,154) (192,122,212,146) (85,118,108,138) (44,127,68,155) (60,142,88,174)
"00323":(245,127,264,158) (184,122,200,146) (76,118,96,140) (34,130,57,156) (50,144,74,174)
"00324":(249,130,272,150) (190,122,210,146) (81,118,102,142) (40,130,64,154) (56,144,82,174)
"00325":(260,130,278,160) (195,123,213,150) (88,120,108,143) (49,132,71,160) (62,151,92,180)
"00326":(260,134,284,158) (200,126,218,150) (92,122,112,148) (49,133,70,161) (64,148,92,182)
"00327":(257,134,281,164) (196,127,216,154) (84,124,105,147) (42,130,64,163) (56,150,88,183)
"00328":(263,134,287,160) (202,128,222,152) (93,121,112,149) (49,131,74,166) (68,150,97,182)
"00329":(252,134,276,162) (193,126,212,154) (82,118,104,149) (36,131,60,163) (52,151,88,180)
"00330":(274,103,300,135) (212,98,232,124) (100,94,124,122) (56,115,80,147) (76,139,106,170)
"00331":(248,110,277,138) (188,100,212,126) (76,98,104,124) (33,114,56,146) (48,138,86,170)
"00332":(259,115,285,148) (192,112,216,138) (88,106,112,134) (40,122,72,158) (61,147,96,178)
"00333":(272,120,298,150) (201,110,225,138) (88,103,113,130) (37,120,62,154) (56,143,94,179)
"00334":(256,122,284,150) (191,111,217,137) (77,106,108,134) (28,120,53,155) (45,146,84,179)
"00335":(256,122,288,151) (194,112,217,138) (81,107,105,136) (34,124,61,158) (52,146,86,178)
"00336":(258,115,284,142) (195,104,217,132) (77,103,108,127) (32,113,63,150) (53,140,89,177)
"00337":(252,118,281,148) (190,111,213,139) (78,106,104,135) (24,123,56,158) (48,143,81,180)
"00338":(260,114,288,146) (200,107,221,134) (90,102,116,126) (37,114,65,150) (60,135,92,170)
"00339":(256,127,283,162) (197,122,216,151) (85,119,108,146) (40,135,64,166) (54,151,88,184)
"00340":(252,120,280,148) (192,114,214,138) (80,119,104,146) (34,138,64,174) (52,154,88,186)
"00341":(244,138,274,166) (184,126,204,154) (72,127,96,150) (34,142,61,166) (36,159,72,194)
"00342":(256,138,287,165) (196,131,218,155) (81,127,108,151) (32,135,57,168) (54,158,85,192)
"00343":(261,142,285,166) (197,128,220,154) (88,124,113,146) (36,132,64,162) (49,155,80,184)
"00344":(268,132,294,159) (204,122,225,146) (96,118,116,142) (84,142,110,174) (48,128,72,160)
"00345":(254,134,280,162) (188,130,212,156) (81,122,108,146) (57,146,86,178) (36,130,60,164)
"00346":(256,134,280,162) (189,126,208,148) (81,120,101,142) (36,130,60,158) (57,142,84,170)
"00347":(257,136,282,162) (188,126,212,152) (78,122,100,146) (62,146,88,178) (32,130,60,162)
"00348":(252,132,273,156) (166,132,190,156) (75,121,97,145) (25,132,48,162) (55,147,82,175)
"00349":(254,131,276,158) (205,124,228,146) (80,120,102,142) (28,130,53,158) (55,141,82,169)
"00350":(256,132,276,156) (206,128,221,146) (82,119,100,142) (29,130,52,159) (56,142,80,170)
"00351":(258,130,277,152) (208,122,224,143) (84,118,102,138) (35,127,57,158) (60,142,82,167)
"00352":(252,148,272,170) (205,143,221,162) (80,135,98,158) (33,146,53,172) (56,158,80,182)
"00353":(248,158,269,179) (204,150,222,170) (78,145,96,165) (28,153,52,177) (50,166,76,190)
"00354":(256,156,274,178) (208,148,224,167) (84,143,100,163) (40,151,60,179) (53,162,77,187)
"00355":(252,154,272,178) (206,146,220,170) (83,138,99,161) (34,150,53,176) (53,158,76,190)
"00356":(254,154,273,178) (209,150,225,171) (86,142,105,164) (40,152,60,179) (60,164,85,190)
"00357":(252,152,272,174) (206,150,221,170) (84,142,104,163) (40,152,64,180) (59,166,80,194)
"00358":(251,156,268,180) (204,148,220,170) (84,142,100,163) (36,150,57,178) (57,162,84,188)
"00359":(261,150,282,172) (217,146,233,166) (96,135,112,158) (49,148,68,176) (68,158,93,186)
"00360":(265,147,289,171) (220,142,238,162) (96,134,116,156) (52,147,76,174) (72,156,96,182)
"00361":(270,142,290,167) (224,138,241,158) (102,127,120,150) (56,138,78,166) (76,150,100,176)
"00362":(268,140,292,170) (224,138,241,160) (100,130,122,151) (52,138,76,166) (76,150,100,176)
"00363":(260,142,284,162) (224,139,244,160) (100,130,120,151) (56,136,76,166) (76,151,100,175)
"00364":(270,138,292,163) (221,139,242,158) (99,128,125,154) (54,141,78,169) (75,148,101,176)
"00365":(265,139,290,166) (220,139,236,159) (98,131,118,152) (53,138,76,166) (73,151,97,179)
"00366":(268,138,289,162) (221,139,238,158) (100,127,117,150) (56,138,76,167) (74,150,97,174)
"00367":(256,146,277,172) (209,142,229,166) (89,131,108,154) (42,140,66,170) (64,154,88,179)
"00368":(256,142,278,166) (208,139,228,163) (88,131,108,151) (44,139,65,166) (60,147,86,174)
"00369":(252,139,274,166) (204,140,221,166) (82,131,102,152) (36,138,57,166) (56,150,80,178)
"00370":(247,148,270,170) (204,144,221,166) (82,135,100,155) (53,154,78,179) (38,142,61,170)
"00371":(248,144,268,168) (198,146,216,166) (76,134,94,155) (34,146,56,170) (49,152,76,182)
"00372":(244,144,266,166) (199,143,215,166) (77,130,94,152) (32,138,53,170) (50,150,76,178)
"00373":(234,108,256,135) (189,106,204,127) (68,102,85,122) (16,118,36,146) (36,134,61,159)
"00374":(240,100,261,126) (196,96,212,120) (69,88,88,110) (18,106,40,135) (36,122,64,147)
"00375":(240,100,265,126) (194,95,212,122) (72,91,92,112) (21,108,44,140) (41,122,68,154)
"00376":(238,99,260,122) (190,98,209,122) (70,90,88,110) (20,110,43,138) (40,123,65,150)
"00377":(230,94,252,115) (186,91,205,110) (61,86,81,106) (12,106,33,131) (32,120,56,143)
"00378":(240,102,264,126) (192,98,212,120) (72,101,92,125) (26,124,50,150) (42,136,67,162)
"00379":(232,98,256,123) (186,102,208,126) (64,106,84,128) (16,127,40,158) (34,138,61,162)
"00380":(228,111,252,134) (185,112,204,132) (62,116,84,137) (12,144,34,167) (33,152,58,179)
"00381":(230,110,252,134) (188,110,208,132) (66,114,84,136) (14,138,36,162) (29,147,55,177)
"00382":(230,123,252,146) (185,118,204,142) (64,120,85,144) (12,140,33,170) (32,154,61,182)
"00383":(242,122,262,146) (198,117,218,141) (80,119,97,142) (26,135,45,163) (48,150,70,174)
"00384":(236,114,260,135) (194,106,213,130) (72,108,92,131) (18,126,44,154) (36,138,64,162)
"00385":(246,122,267,146) (202,112,220,138) (82,113,100,132) (28,127,52,154) (48,139,74,163)
"00386":(240,116,260,142) (204,112,224,130) (76,110,94,131) (24,126,44,151) (44,141,68,165)
"00387":(236,114,256,139) (198,110,216,134) (76,108,96,127) (20,123,44,151) (36,136,65,162)
"00388":(240,110,264,138) (200,110,216,130) (75,107,94,129) (26,122,45,150) (42,135,65,160)
"00389":(232,126,252,150) (189,118,208,142) (66,119,86,141) (12,135,34,159) (34,146,62,170)
"00390":(268,111,289,138) (224,106,244,130) (102,106,120,126) (50,122,73,148) (70,130,96,159)
"00391":(265,46,285,71) (222,42,240,66) (96,39,116,62) (46,58,68,84) (68,70,90,94)
"00392":(252,124,272,146) (208,112,227,138) (84,110,104,134) (36,127,62,153) (55,140,82,167)
"00393":(240,110,264,138) (201,106,220,132) (76,103,96,126) (28,114,46,144) (41,131,68,155)
"00394":(248,120,268,146) (205,116,220,135) (84,108,101,130) (32,126,54,151) (52,134,76,162)
"00395":(256,126,276,150) (217,118,238,138) (87,111,108,130) (38,122,57,150) (58,134,82,160)
"00396":(253,135,273,163) (216,129,230,153) (84,119,104,142) (34,131,57,156) (56,144,78,172)
"00397":(244,120,266,144) (208,114,226,135) (80,104,96,128) (32,118,52,150) (48,130,76,160)
"00398":(266,124,285,147) (225,114,244,138) (102,106,121,126) (52,118,72,147) (73,130,100,158)
"00399":(234,130,254,151) (192,126,209,148) (68,119,86,143) (13,138,36,166) (40,148,64,178)
"00400":(252,126,276,150) (212,122,229,146) (88,114,108,138) (33,130,56,159) (52,144,78,170)
"00401":(221,132,244,158) (180,129,196,151) (52,122,72,144) (14,150,42,182) (0,138,20,166)
"00402":(236,131,256,156) (192,128,208,152) (65,118,85,142) (13,134,36,162) (32,146,58,175)
"00403":(236,142,256,166) (193,135,209,156) (68,122,89,148) (16,139,40,166) (37,150,64,178)
"00404":(237,126,260,150) (198,126,216,146) (73,118,93,140) (24,130,46,160) (44,143,70,169)
"00405":(237,135,256,158) (198,131,216,154) (72,126,92,146) (24,139,48,166) (44,150,68,176)
"00406":(236,138,256,159) (197,134,213,156) (69,126,88,146) (20,138,42,168) (43,152,67,179)
"00407":(241,134,261,158) (204,130,220,154) (85,126,105,148) (28,136,48,162) (46,150,72,174)
"00408":(230,144,248,166) (197,142,216,163) (68,134,89,154) (18,150,40,178) (36,158,61,186)
"00409":(228,138,248,163) (195,138,213,156) (64,130,84,150) (32,158,60,184) (17,146,41,174)
"00410":(226,136,248,160) (194,140,212,160) (61,131,80,155) (32,160,56,186) (12,150,36,178)
"00411":(240,140,260,166) (204,138,224,162) (80,128,97,150) (29,143,50,171) (49,154,72,182)
"00412":(240,150,262,178) (204,150,221,172) (79,140,99,160) (44,164,68,190) (30,154,52,178)
"00413":(240,156,260,184) (204,158,218,179) (78,146,96,167) (44,170,65,196) (28,158,48,186)
"00414":(236,150,258,175) (200,150,216,170) (74,140,93,161) (24,154,46,183) (42,166,65,194)
"00415":(237,154,258,178) (200,154,216,175) (73,142,92,164) (42,167,68,194) (25,158,44,186)
"00416":(229,150,249,174) (192,150,209,170) (66,140,84,160) (32,164,58,188) (20,156,40,179)
"00417":(227,136,248,159) (185,140,204,158) (64,131,81,154) (32,154,56,182) (16,142,36,174)
"00418":(230,138,251,162) (196,140,212,160) (71,132,89,154) (38,158,60,184) (24,150,42,174)
"00419":(226,138,248,162) (188,142,208,160) (72,134,89,150) (30,156,56,182) (16,150,38,170)
"00420":(228,128,248,151) (192,130,208,151) (76,118,94,139) (32,138,56,166) (18,130,40,154)
"00421":(232,116,250,138) (196,114,212,135) (76,108,94,128) (34,134,60,159) (17,123,38,150)
"00422":(232,123,252,146) (194,120,211,142) (72,112,90,133) (17,126,40,154) (36,138,60,166)
"00423":(237,127,256,150) (196,126,212,150) (81,118,100,138) (20,134,44,158) (38,146,61,170)
"00424":(232,171,252,198) (193,171,208,191) (77,160,96,178) (36,182,60,207) (17,174,38,200)
"00425":(232,123,252,150) (197,123,216,146) (76,114,94,138) (52,138,78,167) (18,132,42,156)
"00426":(226,129,246,153) (188,130,208,150) (70,119,88,143) (9,134,32,162) (56,146,78,174)
"00427":(249,138,284,178) (222,99,244,134) (84,100,108,130) (32,120,69,168)
"00428":(248,138,280,178) (220,100,242,132) (78,100,104,128) (28,118,68,168)
"00429":(246,136,277,175) (216,99,240,134) (78,98,104,126) (26,118,65,164)
"00430":(245,142,280,182) (218,106,242,138) (80,106,104,134) (36,126,70,174)
"00431":(248,138,282,182) (223,106,247,133) (81,104,105,130) (36,122,72,172)
"00432":(244,143,276,186) (216,112,240,142) (74,110,100,135) (28,124,64,172)
"00433":(248,146,280,188) (216,114,240,142) (72,110,100,139) (26,126,62,175)
"00434":(248,150,282,190) (218,114,240,144) (73,109,97,137) (29,123,64,174)
"00435":(248,142,284,187) (218,114,240,138) (77,106,100,135) (29,62,52,82) (38,122,72,167)
"00436":(244,147,278,186) (217,112,238,140) (74,106,100,131) (33,122,72,167)
"00437":(240,144,273,190) (213,110,236,138) (68,107,92,135) (32,123,68,168)
"00438":(241,147,276,187) (213,112,236,142) (69,110,93,136) (32,126,68,174)
"00439":(244,150,277,192) (217,114,240,146) (70,108,94,138) (36,127,72,175)
"00440":(241,154,277,194) (217,116,240,143) (70,110,94,138) (29,131,72,176)
"00441":(242,162,277,201) (221,122,245,150) (72,120,98,146) (37,140,79,184)
"00442":(248,168,284,210) (224,130,249,158) (78,126,100,158) (18,158,64,206)
"00443":(16,154,64,196) (74,122,98,150) (220,130,241,160) (245,163,276,203)
"00444":(242,166,276,208) (218,126,240,155) (70,124,96,154) (28,146,64,194)
"00445":(20,134,60,182) (66,114,92,144) (212,119,234,150) (241,158,276,195)
"00446":(36,132,73,178) (82,116,104,146) (224,118,246,148) (252,152,281,194)
"00447":(37,132,74,178) (82,118,104,144) (224,118,244,146) (248,152,276,190)
"00448":(28,130,62,174) (72,114,96,138) (216,118,236,146) (240,150,268,186)
"00449":(30,127,66,172) (76,107,101,136) (220,111,240,142) (248,143,276,182)
"00450":(248,142,280,182) (220,106,242,134) (76,106,100,130) (30,123,68,170)
"00451":(30,118,64,166) (72,98,93,126) (220,102,242,132) (245,138,278,179)
"00452":(28,122,65,166) (70,102,94,126) (218,106,241,134) (244,142,278,182)
"00453":(28,122,64,166) (41,98,64,124) (217,102,236,131) (240,138,272,180)
"00454":(132,60,154,84) (214,110,240,135) (240,141,276,182) (24,122,60,170)
"00455":(24,120,61,167) (212,107,236,134) (240,138,272,179)
"00456":(28,114,64,159) (221,98,242,123) (240,134,272,170)
"00457":(24,116,61,162) (218,99,240,130) (240,135,274,174)
"00458":(25,114,64,160) (248,54,268,75) (216,98,240,124) (252,131,285,170)
"00459":(28,118,62,163) (78,69,100,95) (220,98,240,124) (252,136,288,178)
"00460":(28,122,64,168) (60,106,82,130) (216,104,240,131) (244,138,276,176)
"00461":(14,122,52,170) (57,102,82,126) (205,104,228,129) (229,135,262,182)
"00462":(17,120,53,171) (61,106,85,130) (208,106,229,132) (230,138,260,178)
"00463":(21,118,56,167) (68,102,90,130) (213,103,236,128) (237,138,272,179)
"00464":(24,118,60,166) (70,102,92,126) (216,104,240,128) (247,135,278,174)
"00465":(28,110,62,158) (69,94,94,119) (218,95,244,124) (260,126,288,166)
"00466":(22,115,57,164) (68,94,92,122) (222,95,244,118) (244,131,280,175)
"00467":(17,126,56,178) (64,106,88,132) (218,103,241,130) (244,143,276,184)
"00468":(20,124,58,174) (68,102,92,130) (220,102,244,127) (240,146,272,184)
"00469":(17,127,57,176) (64,106,88,131) (218,106,241,130) (237,146,268,186)
"00470":(20,130,57,179) (60,104,81,131) (216,114,244,140) (241,154,273,190)
"00471":(9,126,46,179) (50,106,76,132) (212,106,236,138) (236,150,269,186)
"00472":(8,118,48,168) (52,98,76,126) (208,100,232,126) (233,138,265,178)
"00473":(20,120,58,170) (60,98,84,124) (218,98,244,123) (244,138,276,179)
"00474":(37,123,77,174) (60,96,85,126) (220,98,242,124) (245,142,278,178)
"00475":(24,127,61,179) (56,106,80,134) (220,108,244,138) (241,150,276,190)
"00476":(16,131,50,178) (60,103,82,130) (214,110,236,135) (240,148,273,194)
"00477":(17,126,57,172) (64,102,88,128) (220,106,240,130) (244,143,274,182)
"00478":(36,134,72,182) (80,112,104,136) (230,110,253,134) (260,52,282,76) (254,147,284,191)
"00479":(244,142,276,179) (224,103,244,130) (73,98,97,127) (25,115,58,164)
"00480":(32,110,65,162) (81,94,104,118) (230,95,253,122) (253,135,288,174)
"00481":(28,110,64,158) (80,94,100,118) (226,95,249,122) (250,130,280,170)
"00482":(28,114,64,166) (76,98,98,123) (224,102,244,130) (248,135,277,178)
"00483":(28,118,65,166) (80,102,101,130) (225,110,248,136) (252,144,284,184)
"00484":(36,63,56,88) (36,122,72,164) (88,108,108,135) (232,114,256,142) (252,148,281,191)
"00485":(22,114,60,162) (72,94,92,118) (217,94,240,118) (240,126,270,167)
"00486":(24,116,60,166) (72,96,94,122) (220,91,242,126) (242,128,276,170)
"00487":(28,122,64,168) (72,103,94,127) (220,99,242,130) (244,138,274,178)
"00488":(32,130,62,176) (76,114,98,134) (224,114,248,142) (244,148,276,190)
"00489":(26,131,58,178) (69,114,93,139) (216,112,240,142) (248,147,280,190)
"00490":(36,142,72,190) (88,120,114,150) (240,122,265,152) (262,162,294,203)
"00491":(36,122,74,167) (60,104,80,131) (240,110,264,138) (268,146,298,192)
"00492":(20,124,57,174) (53,114,74,138) (224,114,249,142) (245,147,277,188)
"00493":(21,114,60,162) (60,102,80,126) (228,99,252,132) (248,138,278,178)
"00494":(18,114,56,160) (60,102,80,132) (228,106,250,138) (248,142,278,182)
"00495":(29,115,61,154) (68,96,89,118) (145,50,164,75) (236,102,260,128) (256,136,288,176)
"00496":(21,115,60,166) (64,106,89,131) (224,110,246,138) (244,143,276,178)
"00497":(24,110,60,160) (60,98,84,123) (224,103,245,127) (252,131,283,172)
"00498":(9,106,48,155) (56,92,80,119) (214,94,237,123) (273,40,292,63) (232,134,272,166)
"00499":(21,104,56,150) (61,86,80,112) (221,90,244,119) (238,126,270,166)
"00500":(30,98,68,146) (60,86,81,107) (220,90,248,118) (242,120,277,158)
"00501":(12,100,52,150) (48,80,69,110) (220,86,244,114) (240,119,273,159)
"00502":(16,126,56,174) (46,106,72,130) (228,106,249,136) (252,146,284,186)
"00503":(16,124,52,174) (52,106,76,130) (226,110,248,142) (249,148,278,187)
"00504":(16,128,52,175) (58,106,80,130) (225,114,249,142) (248,148,276,192)
"00505":(28,123,64,178) (74,110,96,138) (238,110,260,142) (260,148,292,188)
"00506":(28,125,66,172) (73,106,96,132) (238,106,264,134) (264,142,293,188)
"00507":(21,119,58,170) (68,108,92,131) (232,110,256,134) (256,146,288,186)
"00508":(12,123,52,168) (69,106,93,130) (234,106,257,134) (260,138,290,182)
"00509":(9,122,50,167) (65,102,89,128) (248,102,269,126) (252,139,284,182)
"00510":(20,124,60,167) (72,112,93,133) (237,110,260,138) (260,142,290,178)
"00511":(14,124,49,166) (57,110,80,136) (228,114,254,144) (248,146,280,182)
"00512":(16,130,48,174) (62,115,84,142) (154,71,176,90) (232,120,252,152) (252,154,280,192)
"00513":(16,132,50,179) (62,120,82,146) (240,118,260,146) (260,146,292,187)
"00514":(28,106,62,154) (234,100,256,126) (252,131,282,168)
"00515":(24,100,60,146) (233,90,256,116) (248,122,280,163)
"00516":(25,106,62,146) (232,94,253,122) (252,126,280,163)
"00517":(20,106,60,150) (232,98,256,126) (256,130,288,171)
"00518":(17,114,52,162) (226,110,248,134) (256,138,288,186)
"00519":(20,114,57,158) (230,111,253,134) (256,140,285,178)
"00520":(16,112,52,162) (232,111,254,139) (250,142,281,183)
"00521":(29,107,68,158) (240,102,264,127) (254,134,289,172)
"00522":(24,98,60,146) (229,94,252,118) (256,126,290,166)
"00523":(24,99,60,144) (230,95,252,122) (249,127,280,168)
"00524":(28,90,64,142) (232,90,254,115) (248,118,280,158)
"00525":(28,90,64,136) (232,90,256,111) (252,115,284,156)
"00526":(24,90,60,136) (228,84,250,112) (245,116,278,154)
"00527":(16,100,52,146) (222,91,242,118) (248,119,280,161)
"00528":(24,103,62,151) (232,98,252,122) (256,130,288,167)
"00529":(24,106,61,154) (228,99,253,126) (260,134,293,174)
"00530":(40,122,76,164) (242,114,264,138) (260,146,292,180)
"00531":(41,118,74,166) (244,114,262,138) (260,147,288,183)
"00532":(36,111,70,158) (241,103,264,134) (265,134,294,175)
"00533":(33,114,65,160) (237,107,260,131) (256,140,288,179)
"00534":(33,114,68,156) (241,106,261,130) (256,136,286,174)
"00535":(29,108,66,151) (236,102,257,130) (258,134,288,170)
"00536":(17,115,56,160) (224,106,248,131) (244,135,276,179)
"00537":(20,106,57,154) (224,98,250,126) (242,130,278,170)
"00538":(28,107,64,154) (232,102,254,131) (252,134,284,172)
"00539":(34,104,70,154) (238,102,260,122) (254,130,286,170)
"00540":(18,102,56,148) (232,95,254,120) (248,126,281,166)
"00541":(20,110,60,156) (237,102,262,128) (258,136,290,178)
"00542":(232,110,253,138) (252,152,284,194)
"00543":(53,59,76,86) (222,114,246,140) (241,154,280,194) (285,80,302,106)
"00544":(218,106,246,134) (245,150,280,190)
"00545":(221,110,244,136) (248,148,282,190)
"00546":(228,104,250,138) (256,147,288,190)
"00547":(234,106,256,143) (261,148,296,194)
"00548":(236,108,256,142) (257,148,290,194)
"00549":(238,110,261,135) (236,147,272,190)
"00550":(232,120,257,144) (240,154,276,196)
"00551":(224,118,252,147) (232,154,266,191)
"00552":(240,134,268,158) (252,168,288,207)
"00553":(240,126,264,150) (240,164,276,206)
"00554":(237,118,264,150) (246,162,280,202) (4,71,30,96)
"00555":(216,78,240,102) (228,126,252,155) (234,170,272,208)
"00556":(200,88,220,114) (238,126,262,151) (250,162,288,202)
"00557":(224,66,242,92) (230,116,256,144) (252,154,288,198)
"00558":(169,83,186,102) (236,154,272,199)
"00559":(73,114,92,139) (232,166,270,214)
"00560":(74,132,101,158) (236,159,268,202)
"00561":(65,136,94,164) (242,156,275,203)
"00562":(84,126,108,154) (253,164,288,206)
"00563":(52,90,73,114) (232,164,272,202)
"00564":(232,167,268,207)
"00565":(238,159,272,198)
"00566":(118,70,140,94) (253,74,273,95) (248,159,284,198)
"00567":(28,76,70,126) (260,158,293,198)
"00568":(28,112,64,158) (246,148,284,186)
"00569":(29,118,69,166) (246,150,282,186)
"00570":(40,118,76,166) (250,146,285,186)
"00571":(40,127,76,176) (246,153,286,195)
"00572":(40,134,76,179) (248,154,284,194)
"00573":(40,136,78,180) (253,158,285,198)
"00574":(36,132,70,179) (244,163,280,203)
"00575":(30,128,68,172) (246,150,280,190)
"00576":(38,146,73,192) (248,178,289,210)
"00577":(28,124,62,172) (244,152,280,194)
"00578":(28,119,64,170) (264,71,285,94) (248,151,284,188)
"00579":(96,114,117,142) (48,130,88,174) (258,151,296,187)
"00580":(32,124,68,172) (208,107,228,132) (248,150,281,186)
"00581":(32,126,70,174) (232,118,252,142) (248,152,281,188)
"00582":(33,126,72,174) (234,118,256,146) (248,154,282,194)
"00583":(28,126,64,171) (229,116,255,147) (244,151,280,190)
"00584":(32,124,68,174) (232,122,256,150) (248,155,281,194)
"00585":(38,114,72,163) (238,112,257,140) (250,146,281,186)
"00586":(36,110,69,158) (236,106,258,134) (248,140,284,182)
"00587":(37,108,72,155) (236,106,256,131) (249,138,282,171)
"00588":(32,103,68,151) (234,98,255,130) (247,136,283,174)
"00589":(33,106,72,155) (237,98,260,123) (252,130,288,168)
"00590":(40,111,76,160) (245,102,268,126) (258,134,289,175)
"00591":(33,122,72,170) (232,115,257,143) (244,150,280,186)
"00592":(28,118,64,164) (228,111,252,138) (241,144,274,182)
"00593":(36,116,72,160) (236,107,258,134) (248,142,285,178)
"00594":
"00595":
"00596":
"00597":(120,42,145,64) (153,46,172,62) (224,52,238,66)
"00598":(194,60,218,86) (245,62,268,78) (64,62,84,78)
"00599":(93,48,133,90) (132,66,152,86) (272,47,293,67)
"00600":(114,74,140,108) (261,64,286,95) (205,108,252,162) (5,50,17,62) (182,60,198,78)
"00601":
"00602":(113,94,128,110)
"00603":(220,116,241,142) (238,146,272,184) (70,116,96,142)
"00604":
"00605":(224,102,244,130) (246,130,280,175) (72,103,97,128)
"00606":(60,110,76,127) (28,179,60,207) (188,154,216,184)
"00607":(204,154,220,166) (100,150,116,166)
"00608":
"00609":(229,108,250,136) (240,154,276,198) (100,90,122,116) (32,124,68,167)
"00610":(73,98,96,122) (54,122,84,162) (212,106,232,132) (229,132,261,167)
"00611":(232,131,256,159) (249,170,283,210) (93,122,116,150) (48,150,81,194)
"00612":(225,150,242,166) (178,122,196,146) (149,124,168,143) (106,122,120,138) (124,119,142,140)
"00613":(188,148,205,162) (76,151,92,170)
"00614":(180,150,196,166) (68,154,88,170)
"00615":(173,70,197,95) (128,120,172,154)
"00616":(233,104,260,134) (196,143,240,184) (2,99,36,150)
"00617":(208,144,240,180) (149,114,170,139) (22,98,38,116) (44,106,60,126) (220,98,232,114)
"00618":(78,130,96,154) (154,150,169,167) (164,166,182,187) (236,146,253,162)
"00619":(98,86,144,139)
"00620":(80,111,94,134) (192,110,208,130)
"00621":(92,51,224,232)
"00622":(62,147,80,170) (128,158,148,186)
"00623":(100,27,209,183)
"00624":(110,27,229,198)
"00625":(134,70,192,146)
"00626":(130,71,184,143)
"00627":(144,94,180,142)
"00628":(136,94,172,134)
"00629":(144,107,170,136)
"00630":(142,108,169,138)
"00631":(145,101,165,124)
"00632":(142,106,168,134)
"00633":(148,90,168,115)
"00634":(148,94,168,118)
"00635":(148,111,168,130)
"00636":(150,104,165,126)
"00637":(148,99,164,118)
"00638":(148,103,161,122)
"00639":(147,115,161,135)
"00640":(148,114,164,134)
"00641":(146,110,161,126)
"00642":(144,114,158,131)
